1755464548335 2.8210351120557755e-05 0
1755464555641 2.8210351120557755e-05 1
1755464563679 2.8210351120557755e-05 2
1755464571022 2.8210351120557755e-05 3
1755464578463 2.8210351120557755e-05 4
1755464585978 2.8210351120557755e-05 5
1755464593498 2.8210351120557755e-05 6
1755464602478 1.4105175560278877e-05 7
1755464609737 1.4105175560278877e-05 8
1755464616917 1.4105175560278877e-05 9
1755464624581 1.4105175560278877e-05 10
1755464631781 1.4105175560278877e-05 11
1755464548335 2.8210351120557755e-05 0
