1755464548322 1.810030611087429e-05 0
1755464555616 1.8097821549084804e-05 1
1755464563671 1.809638055080323e-05 2
1755464571012 1.809575544452663e-05 3
1755464578439 1.8098894805673258e-05 4
1755464585970 1.810146844350193e-05 5
1755464593490 1.8097823315233846e-05 6
1755464602452 1.809783224525489e-05 7
1755464609716 1.809344338730177e-05 8
1755464616892 1.8095834202284377e-05 9
1755464624559 1.8095711955308143e-05 10
1755464631755 1.8094529756305914e-05 11
1755464548322 1.810030611087429e-05 0
