1755464839058 0.0 0
1755464839794 0.0 1
1755464840480 0.0 2
1755464841176 0.0 3
1755464841879 0.0 4
1755464842608 0.0 5
1755464843323 0.0 6
1755464844030 0.0 7
1755464844714 0.0 8
1755464845530 0.0 9
1755464846296 0.0 10
1755464847166 0.0 11
1755464847878 0.0 12
1755464848563 0.0 13
1755464849223 0.0 14
1755464849913 0.0 15
1755464850622 0.0 16
1755464851329 0.0 17
1755464852070 0.0 18
1755464852789 0.0 19
1755464853582 0.0 20
1755464854494 0.0 21
1755464855223 0.0 22
1755464855943 0.0 23
1755464856625 0.0 24
1755464857342 0.0 25
1755464858050 0.0 26
1755464858723 0.0 27
1755464859410 0.0 28
1755464860133 0.0 29
1755464860838 0.0 30
1755464861588 0.0 31
1755464839058 0.0 0
