1755464839052 0.0008969636818426605 0
1755464839790 0.0008969636818426605 1
1755464840476 0.0008969636818426605 2
1755464841172 0.0008969636818426605 3
1755464841875 0.0008969636818426605 4
1755464842604 0.0008969636818426605 5
1755464843319 0.0008969636818426605 6
1755464844026 0.0008969636818426605 7
1755464844710 0.0008969636818426605 8
1755464845526 0.0008969636818426605 9
1755464846292 0.00044848184092133027 10
1755464847161 0.00044848184092133027 11
1755464847874 0.00044848184092133027 12
1755464848559 0.00044848184092133027 13
1755464849217 0.00044848184092133027 14
1755464849909 0.00044848184092133027 15
1755464850617 0.00044848184092133027 16
1755464851325 0.00044848184092133027 17
1755464852065 0.00022424092046066513 18
1755464852785 0.00022424092046066513 19
1755464853577 0.00022424092046066513 20
1755464854490 0.00022424092046066513 21
1755464855219 0.00022424092046066513 22
1755464855939 0.00022424092046066513 23
1755464856620 0.00011212046023033257 24
1755464857337 0.00011212046023033257 25
1755464858046 0.00011212046023033257 26
1755464858718 0.00011212046023033257 27
1755464859405 0.00011212046023033257 28
1755464860129 0.00011212046023033257 29
1755464860834 5.6060230115166284e-05 30
1755464861584 5.6060230115166284e-05 31
1755464839052 0.0008969636818426605 0
