1755464839037 0.0006593442853471994 0
1755464839782 1.1764472372434823e-05 1
1755464840466 1.1730025075486783e-05 2
1755464841164 1.1355455397085834e-05 3
1755464841865 1.1373728224160294e-05 4
1755464842596 1.1393048760961005e-05 5
1755464843311 1.1490712229683232e-05 6
1755464844018 1.1551733959763182e-05 7
1755464844702 1.1490267345923116e-05 8
1755464845516 1.1446932841010446e-05 9
1755464846283 1.1530175888926343e-05 10
1755464847152 1.1307597343204132e-05 11
1755464847864 1.131575285463256e-05 12
1755464848550 1.1283601156518454e-05 13
1755464849208 1.1315581125130751e-05 14
1755464849900 1.1316125176007863e-05 15
1755464850608 1.1339563470192417e-05 16
1755464851316 1.1321229952456022e-05 17
1755464852056 1.1345733132134027e-05 18
1755464852776 1.126929681500383e-05 19
1755464853568 1.1284388024371532e-05 20
1755464854481 1.1271512263611092e-05 21
1755464855210 1.1282815451691787e-05 22
1755464855927 1.1238552718901074e-05 23
1755464856611 1.1275016711693849e-05 24
1755464857328 1.1229190823115436e-05 25
1755464858037 1.1272659406058987e-05 26
1755464858709 1.1277200798831151e-05 27
1755464859396 1.1277135653254902e-05 28
1755464860119 1.1253455908348592e-05 29
1755464860823 1.1239330896250574e-05 30
1755464861574 1.1226668142368738e-05 31
1755464839037 0.0006593442853471994 0
