1755456432582 3.351106800247471e-05 0
1755456433642 3.351106800247471e-05 1
1755456434692 3.351106800247471e-05 2
1755456435928 3.351106800247471e-05 3
1755456437419 3.351106800247471e-05 4
1755456438521 3.351106800247471e-05 5
1755456439588 3.351106800247471e-05 6
1755456440724 1.6755534001237355e-05 7
1755456441784 1.6755534001237355e-05 8
1755456442926 1.6755534001237355e-05 9
1755456444236 1.6755534001237355e-05 10
1755456445546 1.6755534001237355e-05 11
1755456446788 1.6755534001237355e-05 12
1755456447906 8.377767000618677e-06 13
1755456448980 8.377767000618677e-06 14
1755456450257 8.377767000618677e-06 15
1755456451650 8.377767000618677e-06 16
1755456453646 8.377767000618677e-06 17
1755456454896 8.377767000618677e-06 18
1755456456013 4.188883500309339e-06 19
1755456457215 4.188883500309339e-06 20
1755456458489 4.188883500309339e-06 21
1755456432582 3.351106800247471e-05 0
