1755456432571 1.020941530807845e-05 0
1755456433635 1.0239870120477036e-05 1
1755456434684 1.022202678517216e-05 2
1755456435920 1.0206521616876357e-05 3
1755456437411 1.0229492545477115e-05 4
1755456438514 1.02429153059299e-05 5
1755456439581 1.0195501010006797e-05 6
1755456440716 1.019660752500442e-05 7
1755456441776 1.0230140287804933e-05 8
1755456442919 1.022115103232139e-05 9
1755456444228 1.0237783177233449e-05 10
1755456445538 1.02389488249809e-05 11
1755456446780 1.0218756635601165e-05 12
1755456447899 1.018791955674417e-05 13
1755456448973 1.0216389596159621e-05 14
1755456450248 1.0227349521421951e-05 15
1755456451642 1.022902848486024e-05 16
1755456453638 1.0238323420104538e-05 17
1755456454887 1.019938331490717e-05 18
1755456456005 1.0200955189368637e-05 19
1755456457208 1.0233584954720457e-05 20
1755456458481 1.0222100606160812e-05 21
1755456432571 1.020941530807845e-05 0
