1755455842232 0.0 0
1755455843837 0.0 1
1755455845303 0.0 2
1755455847317 0.0 3
1755455849063 0.0 4
1755455850826 0.0 5
1755455852547 0.0 6
1755455854288 0.0 7
1755455855928 0.0 8
1755455857512 0.0 9
1755455859101 0.0 10
1755455860741 0.0 11
1755455862316 0.0 12
1755455863929 0.0 13
1755455865457 0.0 14
1755455866998 0.0 15
1755455868553 0.0 16
1755455870117 0.0 17
1755455871649 0.0 18
1755455873160 0.0 19
1755455874684 0.0 20
1755455876317 0.0 21
1755455877818 0.0 22
1755455879354 0.0 23
1755455881378 0.0 24
1755455882921 0.0 25
1755455884401 0.0 26
1755455885960 0.0 27
1755455887621 0.0 28
1755455889156 0.0 29
1755455890716 0.0 30
1755455892250 0.0 31
1755455893817 0.0 32
1755455895442 0.0 33
1755455897023 0.0 34
1755455842232 0.0 0
