1755455842227 0.0005144036133942177 0
1755455843834 0.0005144036133942177 1
1755455845300 0.0005144036133942177 2
1755455847313 0.0005144036133942177 3
1755455849060 0.0005144036133942177 4
1755455850823 0.0005144036133942177 5
1755455852542 0.0005144036133942177 6
1755455854284 0.0005144036133942177 7
1755455855924 0.0005144036133942177 8
1755455857509 0.0005144036133942177 9
1755455859098 0.0005144036133942177 10
1755455860736 0.00025720180669710883 11
1755455862312 0.00025720180669710883 12
1755455863926 0.00025720180669710883 13
1755455865453 0.00025720180669710883 14
1755455866995 0.00025720180669710883 15
1755455868550 0.00025720180669710883 16
1755455870113 0.00012860090334855442 17
1755455871646 0.00012860090334855442 18
1755455873157 0.00012860090334855442 19
1755455874681 0.00012860090334855442 20
1755455876313 0.00012860090334855442 21
1755455877814 0.00012860090334855442 22
1755455879351 6.430045167427721e-05 23
1755455881374 6.430045167427721e-05 24
1755455882917 6.430045167427721e-05 25
1755455884397 6.430045167427721e-05 26
1755455885956 6.430045167427721e-05 27
1755455887617 6.430045167427721e-05 28
1755455889153 3.2150225837138604e-05 29
1755455890713 3.2150225837138604e-05 30
1755455892246 3.2150225837138604e-05 31
1755455893813 3.2150225837138604e-05 32
1755455895439 3.2150225837138604e-05 33
1755455897019 3.2150225837138604e-05 34
1755455842227 0.0005144036133942177 0
