1755455842215 1.0450008248559259e-05 0
1755455843827 1.0388420369094317e-05 1
1755455845293 1.0355380164075975e-05 2
1755455847307 1.0355116037357445e-05 3
1755455849052 1.0361082741129611e-05 4
1755455850815 1.0365284015077815e-05 5
1755455852535 1.0378827716192217e-05 6
1755455854277 1.0364375407737023e-05 7
1755455855917 1.0366224982421189e-05 8
1755455857502 1.0377983741327787e-05 9
1755455859090 1.0371145687303099e-05 10
1755455860729 1.0385120417474587e-05 11
1755455862304 1.0258906163511935e-05 12
1755455863918 1.0290018112996664e-05 13
1755455865446 1.0289932802594855e-05 14
1755455866987 1.0263499068494526e-05 15
1755455868543 1.0297858233997455e-05 16
1755455870106 1.0279656452141868e-05 17
1755455871639 1.026925925459254e-05 18
1755455873149 1.0264321177255141e-05 19
1755455874673 1.0268698800616294e-05 20
1755455876305 1.0258035059748576e-05 21
1755455877806 1.0233469486118225e-05 22
1755455879343 1.0258517672447642e-05 23
1755455881366 1.0224265326292574e-05 24
1755455882909 1.023832723515311e-05 25
1755455884389 1.0187904648677254e-05 26
1755455885949 1.0225835103080974e-05 27
1755455887609 1.0241205355282747e-05 28
1755455889145 1.0224005302360983e-05 29
1755455890705 1.0242392120108784e-05 30
1755455892239 1.0235614804031708e-05 31
1755455893806 1.0240978789488106e-05 32
1755455895431 1.0235216821625583e-05 33
1755455897011 1.0237759011234847e-05 34
1755455842215 1.0450008248559259e-05 0
