1755457109505 0.0 0
1755457109945 0.0 1
1755457110374 0.0 2
1755457110777 0.0 3
1755457111169 0.0 4
1755457111593 0.0 5
1755457111992 0.0 6
1755457112376 0.0 7
1755457112773 0.0 8
1755457113169 0.0 9
1755457113563 0.0 10
1755457114000 0.0 11
1755457114425 0.0 12
1755457114862 0.0 13
1755457115331 0.0 14
1755457115743 0.0 15
1755457116219 0.0 16
1755457116694 0.0 17
1755457117182 0.0 18
1755457117656 0.0 19
1755457118118 0.0 20
1755457118527 0.0 21
1755457118925 0.0 22
1755457119328 0.0 23
1755457109505 0.0 0
