1755457109499 8.795568671547272e-05 0
1755457109941 8.795568671547272e-05 1
1755457110371 8.795568671547272e-05 2
1755457110774 8.795568671547272e-05 3
1755457111165 8.795568671547272e-05 4
1755457111590 8.795568671547272e-05 5
1755457111988 8.795568671547272e-05 6
1755457112372 8.795568671547272e-05 7
1755457112769 8.795568671547272e-05 8
1755457113165 8.795568671547272e-05 9
1755457113559 8.795568671547272e-05 10
1755457113997 8.795568671547272e-05 11
1755457114422 4.397784335773636e-05 12
1755457114858 4.397784335773636e-05 13
1755457115326 4.397784335773636e-05 14
1755457115739 4.397784335773636e-05 15
1755457116213 4.397784335773636e-05 16
1755457116690 4.397784335773636e-05 17
1755457117178 2.198892167886818e-05 18
1755457117652 2.198892167886818e-05 19
1755457118114 2.198892167886818e-05 20
1755457118523 2.198892167886818e-05 21
1755457118922 2.198892167886818e-05 22
1755457119324 2.198892167886818e-05 23
1755457109499 8.795568671547272e-05 0
