1755457109474 1.3066024580764082e-05 0
1755457109934 1.3026116245587868e-05 1
1755457110362 1.303259869343622e-05 2
1755457110766 1.3027385981396427e-05 3
1755457111158 1.3009908083664154e-05 4
1755457111583 1.2952465486445622e-05 5
1755457111981 1.3037748179353262e-05 6
1755457112365 1.2980593559015169e-05 7
1755457112762 1.3017724143082887e-05 8
1755457113157 1.303849696146894e-05 9
1755457113552 1.3027590609583837e-05 10
1755457113989 1.3020273952081749e-05 11
1755457114413 1.3040462355158005e-05 12
1755457114851 1.3018352758211091e-05 13
1755457115317 1.3023529155426722e-05 14
1755457115732 1.3022437891712408e-05 15
1755457116200 1.301961274943356e-05 16
1755457116682 1.3023125745803554e-05 17
1755457117170 1.3034286683120757e-05 18
1755457117645 1.3017742714639877e-05 19
1755457118107 1.3010350357944844e-05 20
1755457118516 1.30113505178997e-05 21
1755457118914 1.3021729590231449e-05 22
1755457119316 1.3022732364983572e-05 23
1755457109474 1.3066024580764082e-05 0
