1755464661066 0.0008378844922872896 0
1755464661742 0.0008378844922872896 1
1755464662399 0.0008378844922872896 2
1755464663044 0.0008378844922872896 3
1755464663718 0.0008378844922872896 4
1755464664391 0.0008378844922872896 5
1755464665071 0.0008378844922872896 6
1755464665805 0.0008378844922872896 7
1755464666556 0.0008378844922872896 8
1755464667281 0.0008378844922872896 9
1755464668054 0.0008378844922872896 10
1755464668749 0.0004189422461436448 11
1755464669416 0.0004189422461436448 12
1755464670107 0.0004189422461436448 13
1755464670817 0.0004189422461436448 14
1755464671498 0.0004189422461436448 15
1755464672268 0.0004189422461436448 16
1755464672954 0.0004189422461436448 17
1755464673715 0.0002094711230718224 18
1755464674531 0.0002094711230718224 19
1755464675353 0.0002094711230718224 20
1755464676146 0.0002094711230718224 21
1755464677255 0.0002094711230718224 22
1755464661066 0.0008378844922872896 0
