1755464661053 0.0005159250347956768 0
1755464661733 1.1970578733643886e-05 1
1755464662391 1.2384325809842717e-05 2
1755464663035 1.2069717748863293e-05 3
1755464663710 1.1572176559494171e-05 4
1755464664383 1.1513373944170482e-05 5
1755464665063 1.1461531655580647e-05 6
1755464665797 1.1482256436103644e-05 7
1755464666548 1.1526945118262562e-05 8
1755464667272 1.1523349583882991e-05 9
1755464668045 1.147149752426158e-05 10
1755464668740 1.145541994776824e-05 11
1755464669408 1.1247613302311464e-05 12
1755464670098 1.1280373828654307e-05 13
1755464670808 1.1325762403205056e-05 14
1755464671490 1.13079892428614e-05 15
1755464672259 1.1328757775713591e-05 16
1755464672942 1.1317158265405569e-05 17
1755464673706 1.1376927568965109e-05 18
1755464674521 1.1256459075951097e-05 19
1755464675344 1.1273814403965546e-05 20
1755464676137 1.1254846461358597e-05 21
1755464677227 1.1292947045599772e-05 22
1755464661053 0.0005159250347956768 0
