1755467387873 4.740093504172235e-05 0
1755467390413 4.740093504172235e-05 1
1755467392606 4.740093504172235e-05 2
1755467394390 4.740093504172235e-05 3
1755467396041 4.740093504172235e-05 4
1755467398001 4.740093504172235e-05 5
1755467400338 4.740093504172235e-05 6
1755467401844 4.740093504172235e-05 7
1755467403294 2.3700467520861174e-05 8
1755467404792 2.3700467520861174e-05 9
1755467407489 2.3700467520861174e-05 10
1755467409676 2.3700467520861174e-05 11
1755467411169 2.3700467520861174e-05 12
1755467412645 2.3700467520861174e-05 13
1755467387873 4.740093504172235e-05 0
