1755467387843 3.384087809429141e-05 0
1755467390402 3.379019900047056e-05 1
1755467392582 3.381650094524957e-05 2
1755467394381 3.38532633630915e-05 3
1755467396031 3.381803864934174e-05 4
1755467397990 3.382696651148281e-05 5
1755467400329 3.38463553442339e-05 6
1755467401834 3.385180365619496e-05 7
1755467403284 3.3668220224653316e-05 8
1755467404782 3.380956696834319e-05 9
1755467407479 3.382973500265507e-05 10
1755467409666 3.381206330660087e-05 11
1755467411160 3.381250024925548e-05 12
1755467412636 3.3846124396779276e-05 13
1755467387843 3.384087809429141e-05 0
