1755463261861 0.0 0
1755463263899 0.0 1
1755463266088 0.0 2
1755463268196 0.0 3
1755463270212 0.0 4
1755463272314 0.0 5
1755463274383 0.0 6
1755463276425 0.0 7
1755463278421 0.0 8
1755463280474 0.0 9
1755463282515 0.0 10
1755463284667 0.0 11
1755463286754 0.0 12
1755463288700 0.0 13
1755463290898 0.0 14
1755463292813 0.0 15
1755463295818 0.0 16
1755463298058 0.0 17
1755463300097 0.0 18
1755463302142 0.0 19
1755463304204 0.0 20
1755463306229 0.0 21
1755463308258 0.0 22
1755463310294 0.0 23
1755463312413 0.0 24
1755463314558 0.0 25
1755463316952 0.0 26
1755463319191 0.0 27
1755463321327 0.0 28
1755463323588 0.0 29
1755463325614 0.0 30
1755463327726 0.0 31
1755463261861 0.0 0
