1755463261853 0.0004854686167633443 0
1755463263895 0.0004854686167633443 1
1755463266084 0.0004854686167633443 2
1755463268192 0.0004854686167633443 3
1755463270208 0.0004854686167633443 4
1755463272310 0.0004854686167633443 5
1755463274379 0.0004854686167633443 6
1755463276420 0.0004854686167633443 7
1755463278417 0.00024273430838167215 8
1755463280470 0.00024273430838167215 9
1755463282511 0.00024273430838167215 10
1755463284663 0.00024273430838167215 11
1755463286749 0.00024273430838167215 12
1755463288696 0.00024273430838167215 13
1755463290894 0.00012136715419083608 14
1755463292809 0.00012136715419083608 15
1755463295811 0.00012136715419083608 16
1755463298054 0.00012136715419083608 17
1755463300093 0.00012136715419083608 18
1755463302138 0.00012136715419083608 19
1755463304199 6.068357709541804e-05 20
1755463306225 6.068357709541804e-05 21
1755463308253 6.068357709541804e-05 22
1755463310289 6.068357709541804e-05 23
1755463312409 6.068357709541804e-05 24
1755463314554 6.068357709541804e-05 25
1755463316947 6.068357709541804e-05 26
1755463319187 3.034178854770902e-05 27
1755463321323 3.034178854770902e-05 28
1755463323584 3.034178854770902e-05 29
1755463325609 3.034178854770902e-05 30
1755463327721 3.034178854770902e-05 31
1755463261853 0.0004854686167633443 0
