1755463261836 1.8306543540962646e-05 0
1755463263887 1.8205270189867752e-05 1
1755463266075 1.821267893691084e-05 2
1755463268184 1.8195477156028496e-05 3
1755463270199 1.823297538079791e-05 4
1755463272302 1.8211477430360876e-05 5
1755463274370 1.8211072228054113e-05 6
1755463276412 1.8189168647783755e-05 7
1755463278408 1.8206396856852812e-05 8
1755463280462 1.8139556032046656e-05 9
1755463282502 1.8134089004952713e-05 10
1755463284655 1.814019928658549e-05 11
1755463286740 1.8151409859187174e-05 12
1755463288687 1.812796397445427e-05 13
1755463290886 1.8122799884353503e-05 14
1755463292800 1.8109415904432288e-05 15
1755463295789 1.8108149436262518e-05 16
1755463298046 1.8114354385405434e-05 17
1755463300084 1.8116573216220913e-05 18
1755463302129 1.81150436590952e-05 19
1755463304190 1.8083593034480402e-05 20
1755463306216 1.8096869133598734e-05 21
1755463308244 1.808382993543309e-05 22
1755463310281 1.809554197907474e-05 23
1755463312401 1.809939672345446e-05 24
1755463314545 1.8091764235911066e-05 25
1755463316938 1.809754536212418e-05 26
1755463319178 1.808882827492813e-05 27
1755463321312 1.8087429071771035e-05 28
1755463323574 1.809604830822549e-05 29
1755463325601 1.809240193900953e-05 30
1755463327712 1.8090037432121904e-05 31
1755463261836 1.8306543540962646e-05 0
