1755456270019 0.0 0
1755456270834 0.0 1
1755456271621 0.0 2
1755456272425 0.0 3
1755456273259 0.0 4
1755456274055 0.0 5
1755456274833 0.0 6
1755456275626 0.0 7
1755456276408 0.0 8
1755456277225 0.0 9
1755456278018 0.0 10
1755456278766 0.0 11
1755456279569 0.0 12
1755456280911 0.0 13
1755456281669 0.0 14
1755456282413 0.0 15
1755456283297 0.0 16
1755456284231 0.0 17
1755456285152 0.0 18
1755456286010 0.0 19
1755456286867 0.0 20
1755456287739 0.0 21
1755456288609 0.0 22
1755456289451 0.0 23
1755456290306 0.0 24
1755456291216 0.0 25
1755456292053 0.0 26
1755456292824 0.0 27
1755456293647 0.0 28
1755456294464 0.0 29
1755456295294 0.0 30
1755456296177 0.0 31
1755456296972 0.0 32
1755456297753 0.0 33
1755456298519 0.0 34
1755456299243 0.0 35
1755456300002 0.0 36
1755456300789 0.0 37
1755456301595 0.0 38
1755456302437 0.0 39
1755456303251 0.0 40
1755456304049 0.0 41
1755456304825 0.0 42
1755456305636 0.0 43
1755456306500 0.0 44
1755456307379 0.0 45
1755456270019 0.0 0
