1755456270014 7.955439559453043e-05 0
1755456270830 7.955439559453043e-05 1
1755456271618 7.955439559453043e-05 2
1755456272421 7.955439559453043e-05 3
1755456273256 7.955439559453043e-05 4
1755456274051 7.955439559453043e-05 5
1755456274830 7.955439559453043e-05 6
1755456275623 7.955439559453043e-05 7
1755456276404 7.955439559453043e-05 8
1755456277222 3.9777197797265216e-05 9
1755456278014 3.9777197797265216e-05 10
1755456278763 3.9777197797265216e-05 11
1755456279566 3.9777197797265216e-05 12
1755456280908 3.9777197797265216e-05 13
1755456281666 3.9777197797265216e-05 14
1755456282409 1.9888598898632608e-05 15
1755456283293 1.9888598898632608e-05 16
1755456284227 1.9888598898632608e-05 17
1755456285149 1.9888598898632608e-05 18
1755456286007 1.9888598898632608e-05 19
1755456286863 1.9888598898632608e-05 20
1755456287736 9.944299449316304e-06 21
1755456288605 9.944299449316304e-06 22
1755456289447 9.944299449316304e-06 23
1755456290302 9.944299449316304e-06 24
1755456291212 9.944299449316304e-06 25
1755456292049 9.944299449316304e-06 26
1755456292820 4.972149724658152e-06 27
1755456293643 4.972149724658152e-06 28
1755456294460 4.972149724658152e-06 29
1755456295291 4.972149724658152e-06 30
1755456296173 4.972149724658152e-06 31
1755456296968 4.972149724658152e-06 32
1755456297748 2.486074862329076e-06 33
1755456298516 2.486074862329076e-06 34
1755456299239 2.486074862329076e-06 35
1755456299998 2.486074862329076e-06 36
1755456300785 2.486074862329076e-06 37
1755456301591 2.486074862329076e-06 38
1755456302433 1.243037431164538e-06 39
1755456303247 1.243037431164538e-06 40
1755456304045 1.243037431164538e-06 41
1755456304822 1.243037431164538e-06 42
1755456305632 1.243037431164538e-06 43
1755456306496 1.243037431164538e-06 44
1755456307375 6.21518715582269e-07 45
1755456270014 7.955439559453043e-05 0
