1755456270002 1.0255501236685705e-05 0
1755456270824 1.021454694782089e-05 1
1755456271611 1.0225026290649982e-05 2
1755456272414 1.0238766357103317e-05 3
1755456273248 1.0242616976576546e-05 4
1755456274043 1.0237443120786338e-05 5
1755456274823 1.0221594018618003e-05 6
1755456275616 1.0180959594210628e-05 7
1755456276397 1.0231832192427236e-05 8
1755456277214 1.0228516235109264e-05 9
1755456278007 1.0246397870805514e-05 10
1755456278755 1.0240493588149806e-05 11
1755456279559 1.0217846049304534e-05 12
1755456280901 1.0204248151763042e-05 13
1755456281658 1.0190695229941846e-05 14
1755456282402 1.0232179866898553e-05 15
1755456283286 1.0226324272391735e-05 16
1755456284220 1.0230786358030766e-05 17
1755456285140 1.0231053053266967e-05 18
1755456285999 1.0228191666230116e-05 19
1755456286856 1.0225232456196759e-05 20
1755456287728 1.0232983757594942e-05 21
1755456288597 1.0221354928155728e-05 22
1755456289440 1.0209787779359407e-05 23
1755456290293 1.0223071323739895e-05 24
1755456291204 1.022490556126479e-05 25
1755456292041 1.023056697261631e-05 26
1755456292813 1.0225088297262215e-05 27
1755456293630 1.0216976755475872e-05 28
1755456294452 1.0229010126951142e-05 29
1755456295283 1.0231992722266411e-05 30
1755456296166 1.0230452887371618e-05 31
1755456296961 1.0211871826103827e-05 32
1755456297741 1.0234711964537294e-05 33
1755456298508 1.0223972745670111e-05 34
1755456299230 1.0233381075989449e-05 35
1755456299990 1.0221171099557366e-05 36
1755456300777 1.023827065432066e-05 37
1755456301582 1.0232058471489587e-05 38
1755456302425 1.0223862282306974e-05 39
1755456303239 1.0225671186782544e-05 40
1755456304036 1.0226355975928286e-05 41
1755456304814 1.0209329106291346e-05 42
1755456305623 1.0230996795385623e-05 43
1755456306487 1.022591310432459e-05 44
1755456307366 1.0228564961489127e-05 45
1755456270002 1.0255501236685705e-05 0
