1755456498234 3.351106800247471e-05 0
1755456500585 3.351106800247471e-05 1
1755456502990 3.351106800247471e-05 2
1755456505146 3.351106800247471e-05 3
1755456507138 3.351106800247471e-05 4
1755456509203 3.351106800247471e-05 5
1755456511393 1.6755534001237355e-05 6
1755456513422 1.6755534001237355e-05 7
1755456515440 1.6755534001237355e-05 8
1755456517579 1.6755534001237355e-05 9
1755456519672 1.6755534001237355e-05 10
1755456521805 1.6755534001237355e-05 11
1755456524425 8.377767000618677e-06 12
1755456498234 3.351106800247471e-05 0
