1755456498218 1.3221669444017327e-05 0
1755456500578 1.3213867178809789e-05 1
1755456502983 1.321969623179709e-05 2
1755456505139 1.32080740663546e-05 3
1755456507130 1.3196737672642685e-05 4
1755456509196 1.3219060548470844e-05 5
1755456511385 1.3228662537785367e-05 6
1755456513415 1.3223489348912244e-05 7
1755456515432 1.3216578773798383e-05 8
1755456517571 1.3182112507610536e-05 9
1755456519665 1.3221889945510827e-05 10
1755456521786 1.3218455237770137e-05 11
1755456524418 1.3212370170519564e-05 12
1755456498218 1.3221669444017327e-05 0
