1755958787240 2.021124222058764e-05 0
1755958787562 2.0482464348485032e-05 1
1755958787785 2.0416285406099632e-05 2
1755958787998 2.0439594012107896e-05 3
1755958788211 2.0291773610855066e-05 4
1755958788405 2.033762422494571e-05 5
1755958788611 2.027970070533532e-05 6
1755958788826 2.0208242040098413e-05 7
1755958789040 2.0394078940929224e-05 8
1755958789403 1.9469792672074012e-05 9
1755958789645 2.0411009533442363e-05 10
1755958789856 2.0266546653147088e-05 11
1755958790212 2.0396593633146647e-05 12
1755958790439 2.043684359402202e-05 13
1755958790661 2.0449882958928357e-05 14
1755958790967 1.9900421936351146e-05 15
1755958791215 2.034628514593351e-05 16
1755958787240 2.021124222058764e-05 0
