1755461921664 0.0003093476081664604 0
1755461926935 0.0003093476081664604 1
1755461932317 0.0003093476081664604 2
1755461937380 0.0003093476081664604 3
1755461940737 0.0003093476081664604 4
1755461946956 0.0003093476081664604 5
1755461953250 0.0001546738040832302 6
1755461956626 0.0001546738040832302 7
1755461961290 0.0001546738040832302 8
1755461964728 0.0001546738040832302 9
1755461970120 0.0001546738040832302 10
1755461973970 0.0001546738040832302 11
1755461978450 0.0001546738040832302 12
1755461983338 0.0001546738040832302 13
1755461986996 0.0001546738040832302 14
1755461992108 0.0001546738040832302 15
1755461995634 7.73369020416151e-05 16
1755462001572 7.73369020416151e-05 17
1755462006353 7.73369020416151e-05 18
1755462010170 7.73369020416151e-05 19
1755462015351 7.73369020416151e-05 20
1755461921664 0.0003093476081664604 0
