1755461921640 1.4399488294878902e-05 0
1755461926927 1.4364019505648388e-05 1
1755461932308 1.4371940376807231e-05 2
1755461937363 1.4391284480719655e-05 3
1755461940729 1.435447534771191e-05 4
1755461946948 1.436741022610072e-05 5
1755461953231 1.4364659812956298e-05 6
1755461956618 1.4322770178105215e-05 7
1755461961282 1.4323711964209367e-05 8
1755461964719 1.4308596983949624e-05 9
1755461970110 1.4313338507368258e-05 10
1755461973962 1.4299909382714388e-05 11
1755461978441 1.431192397433195e-05 12
1755461983317 1.4309415968903878e-05 13
1755461986987 1.428890640228779e-05 14
1755461992100 1.4298488357007754e-05 15
1755461995625 1.4310649804641326e-05 16
1755462001564 1.4274908646454903e-05 17
1755462006344 1.4275809145372627e-05 18
1755462010161 1.4285027156973191e-05 19
1755462015340 1.4288523890318228e-05 20
1755461921640 1.4399488294878902e-05 0
