1754571154375 0.001 0
1754571166977 0.001 1
1754571178957 0.001 2
1754571191081 0.001 3
1754571202893 0.001 4
1754571215749 0.001 5
1754571227473 0.001 6
1754571239288 0.001 7
1754571251244 0.001 8
1754571263034 0.001 9
1754571274969 0.001 10
1754571286975 0.001 11
1754571299424 0.001 12
1754571311911 0.0005 13
1754571323955 0.0005 14
1754571336017 0.0005 15
1754571348877 0.0005 16
1754571361023 0.0005 17
1754571374114 0.0005 18
1754571385758 0.0005 19
1754571397908 0.00025 20
1754571409833 0.00025 21
1754571421450 0.00025 22
1754571433371 0.00025 23
1754571445131 0.00025 24
1754571457038 0.00025 25
1754571469382 0.00025 26
1754571481343 0.00025 27
1754571494608 0.00025 28
1754571506725 0.00025 29
1754571518021 0.000125 30
1754571530097 0.000125 31
1754571541808 0.000125 32
1754571553664 0.000125 33
1754571565684 0.000125 34
1754571154375 0.001 0
