1754571154375 4.543935751906067e-05 0
1754571166977 1.52403375526589e-05 1
1754571178957 1.526498985611796e-05 2
1754571191081 1.5302878518453033e-05 3
1754571202893 1.5283910164398773e-05 4
1754571215749 1.5269388949472696e-05 5
1754571227473 1.5295181265583667e-05 6
1754571239288 1.530073514872095e-05 7
1754571251244 1.5270972500611566e-05 8
1754571263034 1.529047497560926e-05 9
1754571274969 1.5269998652253183e-05 10
1754571286975 1.526465508685202e-05 11
1754571299424 1.5309594677761734e-05 12
1754571311911 1.5301795240982774e-05 13
1754571323955 1.518673367525689e-05 14
1754571336017 1.5197922106848206e-05 15
1754571348877 1.5208033675993239e-05 16
1754571361023 1.5205157125330328e-05 17
1754571374114 1.5201446523565545e-05 18
1754571385758 1.521258193435675e-05 19
1754571397908 1.5206992918803164e-05 20
1754571409833 1.5157541210829244e-05 21
1754571421450 1.5153869585898034e-05 22
1754571433371 1.5155356290203656e-05 23
1754571445131 1.5153018602201931e-05 24
1754571457038 1.5138223539802444e-05 25
1754571469382 1.515312021945791e-05 26
1754571481343 1.5156520395076691e-05 27
1754571494608 1.5167505133847554e-05 28
1754571506725 1.5155446556905326e-05 29
1754571518021 1.5162744743614622e-05 30
1754571530097 1.5124447792834574e-05 31
1754571541808 1.5125577032592964e-05 32
1754571553664 1.5131957718500355e-05 33
1754571565684 1.5123885769461312e-05 34
1754571154375 4.543935751906067e-05 0
