1755457292000 0.00023025044392488954 0
1755457293931 0.00023025044392488954 1
1755457295798 0.00023025044392488954 2
1755457297631 0.00023025044392488954 3
1755457299548 0.00023025044392488954 4
1755457301465 0.00023025044392488954 5
1755457303420 0.00023025044392488954 6
1755457305236 0.00023025044392488954 7
1755457307190 0.00023025044392488954 8
1755457309034 0.00011512522196244477 9
1755457310915 0.00011512522196244477 10
1755457312815 0.00011512522196244477 11
1755457314727 0.00011512522196244477 12
1755457316991 0.00011512522196244477 13
1755457292000 0.00023025044392488954 0
