1755457291989 1.3093959175118168e-05 0
1755457293923 1.3031061656268623e-05 1
1755457295791 1.2735281177608865e-05 2
1755457297623 1.3047508594657606e-05 3
1755457299540 1.3064111870133071e-05 4
1755457301458 1.302917252057038e-05 5
1755457303413 1.3012514093336196e-05 6
1755457305228 1.30472034142157e-05 7
1755457307183 1.3047145098931247e-05 8
1755457309026 1.3063870585230891e-05 9
1755457310908 1.299255001463785e-05 10
1755457312808 1.3002356223902705e-05 11
1755457314719 1.299793826951322e-05 12
1755457316974 1.2986818133463709e-05 13
1755457291989 1.3093959175118168e-05 0
