1755458508018 2.064494709217593e-05 0
1755458516969 2.064494709217593e-05 1
1755458525860 2.064494709217593e-05 2
1755458535225 2.064494709217593e-05 3
1755458544130 2.064494709217593e-05 4
1755458552986 2.064494709217593e-05 5
1755458561859 1.0322473546087965e-05 6
1755458571364 1.0322473546087965e-05 7
1755458580220 1.0322473546087965e-05 8
1755458589054 1.0322473546087965e-05 9
1755458597826 1.0322473546087965e-05 10
1755458607138 1.0322473546087965e-05 11
1755458616022 5.161236773043982e-06 12
1755458508018 2.064494709217593e-05 0
