1755458508007 1.2103178926281544e-05 0
1755458516962 1.2120879603785665e-05 1
1755458525853 1.2116840878875604e-05 2
1755458535218 1.2123448210091096e-05 3
1755458544122 1.210161529824665e-05 4
1755458552979 1.2116296173136267e-05 5
1755458561849 1.2114335392839969e-05 6
1755458571357 1.1940754756564916e-05 7
1755458580213 1.2133059790892944e-05 8
1755458589047 1.2123248033650966e-05 9
1755458597819 1.211956424640448e-05 10
1755458607131 1.2129195559897627e-05 11
1755458616014 1.2119608154267446e-05 12
1755458508007 1.2103178926281544e-05 0
