1754919299040 0.00010338821248540031 0
1754919305855 4.3979056585925765e-05 1
1754919314592 4.4038770404801e-05 2
1754919321653 4.4027427342032994e-05 3
1754919328230 4.404662440100679e-05 4
1754919334836 4.402500522506783e-05 5
1754919341800 4.3960020840976276e-05 6
1754919348612 4.412070955728201e-05 7
1754919355363 4.401585512017791e-05 8
1754919362352 4.415110592559963e-05 9
1754919369264 4.403276618766536e-05 10
1754919375612 4.403315055483108e-05 11
1754919382072 4.3865732315285534e-05 12
1754919389121 4.374376139746573e-05 13
1754919395829 4.3876359286734334e-05 14
1754919402424 4.388862872688044e-05 15
1754919299040 0.00010338821248540031 0
