1755466294260 0.0 0
1755466294975 0.0 1
1755466295661 0.0 2
1755466296354 0.0 3
1755466297056 0.0 4
1755466297771 0.0 5
1755466298413 0.0 6
1755466299088 0.0 7
1755466299814 0.0 8
1755466300670 0.0 9
1755466301396 0.0 10
1755466302182 0.0 11
1755466303013 0.0 12
1755466303792 0.0 13
1755466304438 0.0 14
1755466305075 0.0 15
1755466305704 0.0 16
1755466306350 0.0 17
1755466307018 0.0 18
1755466307714 0.0 19
1755466308412 0.0 20
1755466309146 0.0 21
1755466309949 0.0 22
1755466310757 0.0 23
1755466311517 0.0 24
1755466312295 0.0 25
1755466313054 0.0 26
1755466294260 0.0 0
