1755466294253 6.079579138481373e-05 0
1755466294970 6.079579138481373e-05 1
1755466295656 6.079579138481373e-05 2
1755466296349 6.079579138481373e-05 3
1755466297051 6.079579138481373e-05 4
1755466297766 6.079579138481373e-05 5
1755466298408 6.079579138481373e-05 6
1755466299083 6.079579138481373e-05 7
1755466299810 3.0397895692406865e-05 8
1755466300665 3.0397895692406865e-05 9
1755466301391 3.0397895692406865e-05 10
1755466302177 3.0397895692406865e-05 11
1755466303009 3.0397895692406865e-05 12
1755466303787 3.0397895692406865e-05 13
1755466304434 3.0397895692406865e-05 14
1755466305070 1.5198947846203432e-05 15
1755466305699 1.5198947846203432e-05 16
1755466306346 1.5198947846203432e-05 17
1755466307014 1.5198947846203432e-05 18
1755466307709 1.5198947846203432e-05 19
1755466308408 1.5198947846203432e-05 20
1755466309141 7.599473923101716e-06 21
1755466309944 7.599473923101716e-06 22
1755466310751 7.599473923101716e-06 23
1755466311512 7.599473923101716e-06 24
1755466312290 7.599473923101716e-06 25
1755466313050 7.599473923101716e-06 26
1755466294253 6.079579138481373e-05 0
