1755466294239 2.505741629680155e-05 0
1755466294961 2.5090617741950284e-05 1
1755466295647 2.5051402279327055e-05 2
1755466296340 2.5125070659929145e-05 3
1755466297042 2.5098368447678305e-05 4
1755466297756 2.505666421776758e-05 5
1755466298399 2.50788000114101e-05 6
1755466299074 2.508353146270435e-05 7
1755466299800 2.4597851620455913e-05 8
1755466300655 2.4995508064356337e-05 9
1755466301380 2.500585102487613e-05 10
1755466302165 2.5085988487002657e-05 11
1755466302999 2.5103426943522728e-05 12
1755466303778 2.5036629348765666e-05 13
1755466304424 2.5091329925024703e-05 14
1755466305060 2.5117197700248134e-05 15
1755466305690 2.51006038882094e-05 16
1755466306336 2.5025086366830302e-05 17
1755466307004 2.507677503769758e-05 18
1755466307699 2.5098316297901745e-05 19
1755466308398 2.5096921847632204e-05 20
1755466309131 2.50692096374548e-05 21
1755466309934 2.5087880179138926e-05 22
1755466310741 2.508772964964529e-05 23
1755466311501 2.5058753521989274e-05 24
1755466312279 2.49676273581047e-05 25
1755466313040 2.506853193803441e-05 26
1755466294239 2.505741629680155e-05 0
