1755265312142 0.0003181382487065609 0
1755265314597 3.515978684461849e-05 1
1755265317208 3.111447745793557e-05 2
1755265319840 3.0245863558223332e-05 3
1755265322457 2.9886434631066297e-05 4
1755265324945 3.0476957209544552e-05 5
1755265327714 3.0330741096212283e-05 6
1755265330498 3.0395579875969375e-05 7
1755265332935 3.041238658315746e-05 8
1755265335669 3.0433417354163915e-05 9
1755265338618 3.0360086612337796e-05 10
1755265341046 3.0236944646615545e-05 11
1755265343410 3.0276359831091626e-05 12
1755265345872 3.0212430078238808e-05 13
1755265348291 3.002254492614325e-05 14
1755265312142 0.0003181382487065609 0
