1755958859420 1e-05 0
1755958860314 1e-05 1
1755958861570 1e-05 2
1755958862734 1e-05 3
1755958863683 1e-05 4
1755958864818 1e-05 5
1755958865707 5e-06 6
1755958866919 5e-06 7
1755958868098 5e-06 8
1755958869425 5e-06 9
1755958870291 5e-06 10
1755958871118 5e-06 11
1755958871985 2.5e-06 12
1755958872852 2.5e-06 13
1755958873766 2.5e-06 14
1755958874610 2.5e-06 15
1755958875597 2.5e-06 16
1755958876552 2.5e-06 17
1755958877559 1.25e-06 18
1755958878325 1.25e-06 19
1755958879137 1.25e-06 20
1755958879944 1.25e-06 21
1755958859420 1e-05 0
