1755958859409 2.1274734092180662e-05 0
1755958860308 2.1259356918651577e-05 1
1755958861550 2.1327266913763973e-05 2
1755958862717 2.132517288817148e-05 3
1755958863676 2.13318545714107e-05 4
1755958864811 2.1319165739441814e-05 5
1755958865701 2.1280032811086042e-05 6
1755958866912 2.1297933130881574e-05 7
1755958868091 2.126736295650051e-05 8
1755958869418 2.1305478670489344e-05 9
1755958870284 2.1330907202354865e-05 10
1755958871111 2.1277069103367776e-05 11
1755958871978 2.133636068509343e-05 12
1755958872845 2.13284995147771e-05 13
1755958873759 2.1277582058379576e-05 14
1755958874603 2.1265892542032816e-05 15
1755958875582 2.130927502337993e-05 16
1755958876545 2.127521919669007e-05 17
1755958877552 2.1280110705979827e-05 18
1755958878319 2.130797921248503e-05 19
1755958879131 2.1316781806867435e-05 20
1755958879937 2.130403317839476e-05 21
1755958859409 2.1274734092180662e-05 0
