1755456015890 0.0 0
1755456019573 0.0 1
1755456023077 0.0 2
1755456026924 0.0 3
1755456030556 0.0 4
1755456034629 0.0 5
1755456038192 0.0 6
1755456041883 0.0 7
1755456045887 0.0 8
1755456049573 0.0 9
1755456053126 0.0 10
1755456056896 0.0 11
1755456060369 0.0 12
1755456064076 0.0 13
1755456067687 0.0 14
1755456071393 0.0 15
1755456075073 0.0 16
1755456078798 0.0 17
1755456082842 0.0 18
1755456086797 0.0 19
1755456090718 0.0 20
1755456094661 0.0 21
1755456098344 0.0 22
1755456102060 0.0 23
1755456105748 0.0 24
1755456015890 0.0 0
