1755456015886 0.0005144036133942177 0
1755456019570 0.0005144036133942177 1
1755456023073 0.0005144036133942177 2
1755456026921 0.0005144036133942177 3
1755456030553 0.0005144036133942177 4
1755456034625 0.0005144036133942177 5
1755456038189 0.0005144036133942177 6
1755456041880 0.0005144036133942177 7
1755456045884 0.0005144036133942177 8
1755456049570 0.0005144036133942177 9
1755456053123 0.0005144036133942177 10
1755456056892 0.0005144036133942177 11
1755456060365 0.0005144036133942177 12
1755456064072 0.0005144036133942177 13
1755456067683 0.0005144036133942177 14
1755456071389 0.0005144036133942177 15
1755456075069 0.0005144036133942177 16
1755456078795 0.0005144036133942177 17
1755456082838 0.0005144036133942177 18
1755456086793 0.0005144036133942177 19
1755456090714 0.00025720180669710883 20
1755456094658 0.00025720180669710883 21
1755456098340 0.00025720180669710883 22
1755456102057 0.00025720180669710883 23
1755456105744 0.00025720180669710883 24
1755456015886 0.0005144036133942177 0
