1755456015874 1.3427348214934323e-05 0
1755456019563 1.3388264514326654e-05 1
1755456023067 1.338890883648097e-05 2
1755456026914 1.3376954196336184e-05 3
1755456030546 1.3407755336853806e-05 4
1755456034618 1.3383132220112624e-05 5
1755456038182 1.338859202809237e-05 6
1755456041871 1.3399880454561382e-05 7
1755456045877 1.338023871315746e-05 8
1755456049563 1.3395262832270586e-05 9
1755456053116 1.338245832056613e-05 10
1755456056885 1.3393100594282553e-05 11
1755456060358 1.3383037164706199e-05 12
1755456064065 1.3383186922696247e-05 13
1755456067676 1.3396009628297795e-05 14
1755456071382 1.3377917350825056e-05 15
1755456075061 1.3394447472672281e-05 16
1755456078786 1.3389020948515807e-05 17
1755456082830 1.3398797525784995e-05 18
1755456086785 1.3372027846228993e-05 19
1755456090707 1.3404296187042145e-05 20
1755456094650 1.3297510014273913e-05 21
1755456098332 1.3304411466628742e-05 22
1755456102049 1.3292656920922627e-05 23
1755456105736 1.3292035323726377e-05 24
1755456015874 1.3427348214934323e-05 0
