1755463338249 0.00011204832589493713 0
1755463340276 0.00011204832589493713 1
1755463342073 0.00011204832589493713 2
1755463343948 0.00011204832589493713 3
1755463345905 0.00011204832589493713 4
1755463347732 0.00011204832589493713 5
1755463349590 0.00011204832589493713 6
1755463351774 0.00011204832589493713 7
1755463353800 0.00011204832589493713 8
1755463355659 5.6024162947468565e-05 9
1755463357533 5.6024162947468565e-05 10
1755463359402 5.6024162947468565e-05 11
1755463361346 5.6024162947468565e-05 12
1755463363346 5.6024162947468565e-05 13
1755463338249 0.00011204832589493713 0
