1755463338236 1.496880047012285e-05 0
1755463340268 1.4849320434352973e-05 1
1755463342065 1.5011738540238184e-05 2
1755463343940 1.4991803623282912e-05 3
1755463345897 1.4909490346326493e-05 4
1755463347724 1.4923416659127855e-05 5
1755463349580 1.4985621591888179e-05 6
1755463351765 1.4981579114297411e-05 7
1755463353791 1.4982596115130167e-05 8
1755463355650 1.4968995338498254e-05 9
1755463357525 1.4958326438829772e-05 10
1755463359394 1.4955379646559258e-05 11
1755463361338 1.495560581231205e-05 12
1755463363336 1.4939915097045287e-05 13
1755463338236 1.496880047012285e-05 0
