1755461426945 1.619371134011141e-05 0
1755461437545 1.619371134011141e-05 1
1755461448274 1.619371134011141e-05 2
1755461460834 1.619371134011141e-05 3
1755461471128 1.619371134011141e-05 4
1755461481948 1.619371134011141e-05 5
1755461493470 8.096855670055705e-06 6
1755461504177 8.096855670055705e-06 7
1755461515062 8.096855670055705e-06 8
1755461526365 8.096855670055705e-06 9
1755461537051 8.096855670055705e-06 10
1755461547740 8.096855670055705e-06 11
1755461558757 4.0484278350278525e-06 12
1755461568981 4.0484278350278525e-06 13
1755461579807 4.0484278350278525e-06 14
1755461590928 4.0484278350278525e-06 15
1755461601666 4.0484278350278525e-06 16
1755461612190 4.0484278350278525e-06 17
1755461622598 2.0242139175139262e-06 18
1755461426945 1.619371134011141e-05 0
