1755461426932 1.8107015533649502e-05 0
1755461437537 1.8096929704374275e-05 1
1755461448265 1.8114046913113686e-05 2
1755461460822 1.8109352707258726e-05 3
1755461471119 1.8102011255208236e-05 4
1755461481940 1.810264958787093e-05 5
1755461493462 1.8109602566287542e-05 6
1755461504169 1.8107896057539428e-05 7
1755461515053 1.8103930107330367e-05 8
1755461526357 1.8100542485570557e-05 9
1755461537028 1.8096949431995477e-05 10
1755461547731 1.8105985101393877e-05 11
1755461558748 1.8108433856580948e-05 12
1755461568973 1.8107214043088248e-05 13
1755461579799 1.8089210334037008e-05 14
1755461590905 1.8089887584258454e-05 15
1755461601657 1.8106735489813708e-05 16
1755461612174 1.8100256582705786e-05 17
1755461622589 1.8104064887433644e-05 18
1755461426932 1.8107015533649502e-05 0
