1755455074499 0.0003743700075829035 0
1755455076636 0.0003743700075829035 1
1755455079481 0.0003743700075829035 2
1755455081644 0.0003743700075829035 3
1755455083697 0.0003743700075829035 4
1755455086100 0.0003743700075829035 5
1755455089064 0.0003743700075829035 6
1755455091341 0.0003743700075829035 7
1755455093386 0.0003743700075829035 8
1755455096018 0.00018718500379145175 9
1755455098589 0.00018718500379145175 10
1755455100691 0.00018718500379145175 11
1755455102819 0.00018718500379145175 12
1755455105382 0.00018718500379145175 13
1755455074499 0.0003743700075829035 0
