1755455074488 1.3424769552399924e-05 0
1755455076629 1.333202061447322e-05 1
1755455079464 1.3323200688159136e-05 2
1755455081637 1.3329753678440433e-05 3
1755455083690 1.3304409526176891e-05 4
1755455086092 1.3320697763737082e-05 5
1755455089046 1.331314664149921e-05 6
1755455091334 1.3336860822844077e-05 7
1755455093379 1.333003891097058e-05 8
1755455096011 1.3315273173038105e-05 9
1755455098582 1.3269418486043622e-05 10
1755455100684 1.3267546266213906e-05 11
1755455102811 1.3253828231197306e-05 12
1755455105375 1.3262631061509607e-05 13
1755455074488 1.3424769552399924e-05 0
