1755466321228 6.079579138481373e-05 0
1755466322401 6.079579138481373e-05 1
1755466323627 6.079579138481373e-05 2
1755466324978 6.079579138481373e-05 3
1755466326212 6.079579138481373e-05 4
1755466327354 6.079579138481373e-05 5
1755466328624 6.079579138481373e-05 6
1755466329814 3.0397895692406865e-05 7
1755466330984 3.0397895692406865e-05 8
1755466332202 3.0397895692406865e-05 9
1755466333354 3.0397895692406865e-05 10
1755466334446 3.0397895692406865e-05 11
1755466335561 3.0397895692406865e-05 12
1755466336714 1.5198947846203432e-05 13
1755466337881 1.5198947846203432e-05 14
1755466339222 1.5198947846203432e-05 15
1755466340571 1.5198947846203432e-05 16
1755466321228 6.079579138481373e-05 0
