1755466321204 2.4154007184403933e-05 0
1755466322392 2.414598377506878e-05 1
1755466323617 2.412200866169729e-05 2
1755466324968 2.412115821573781e-05 3
1755466326202 2.402173574401923e-05 4
1755466327344 2.4157319568132105e-05 5
1755466328615 2.4159436879846458e-05 6
1755466329804 2.4167480897687663e-05 7
1755466330975 2.4102455630283046e-05 8
1755466332193 2.4121827774871612e-05 9
1755466333344 2.4109471257111783e-05 10
1755466334437 2.414307071585507e-05 11
1755466335552 2.4154200934945602e-05 12
1755466336704 2.415572472691726e-05 13
1755466337871 2.413668878549626e-05 14
1755466339211 2.414653034516573e-05 15
1755466340561 2.4125167083264837e-05 16
1755466321204 2.4154007184403933e-05 0
