1755456987755 5.498901177341162e-05 0
1755456988863 5.498901177341162e-05 1
1755456990037 5.498901177341162e-05 2
1755456991288 5.498901177341162e-05 3
1755456992508 5.498901177341162e-05 4
1755456993730 5.498901177341162e-05 5
1755456994866 5.498901177341162e-05 6
1755456995991 5.498901177341162e-05 7
1755456997140 5.498901177341162e-05 8
1755456998362 5.498901177341162e-05 9
1755456999611 2.749450588670581e-05 10
1755457000894 2.749450588670581e-05 11
1755457002696 2.749450588670581e-05 12
1755457003834 2.749450588670581e-05 13
1755457005001 2.749450588670581e-05 14
1755457006259 2.749450588670581e-05 15
1755457007484 1.3747252943352904e-05 16
1755457008643 1.3747252943352904e-05 17
1755457009747 1.3747252943352904e-05 18
1755456987755 5.498901177341162e-05 0
