1755456987743 1.2128227361994076e-05 0
1755456988856 1.2082097908419467e-05 1
1755456990030 1.2106983387425048e-05 2
1755456991280 1.2114720317078856e-05 3
1755456992501 1.2118107302098103e-05 4
1755456993723 1.2102389379887266e-05 5
1755456994858 1.209902001231539e-05 6
1755456995984 1.2106839764836717e-05 7
1755456997133 1.212192520570705e-05 8
1755456998355 1.2126119107800632e-05 9
1755456999603 1.2105440317314145e-05 10
1755457000874 1.2108529766491676e-05 11
1755457002689 1.2116122592059958e-05 12
1755457003827 1.2112902084695901e-05 13
1755457004993 1.211634088148832e-05 14
1755457006251 1.208885189899935e-05 15
1755457007477 1.210352768205613e-05 16
1755457008636 1.2112682527324924e-05 17
1755457009740 1.208955586394843e-05 18
1755456987743 1.2128227361994076e-05 0
