1755466399078 6.079579138481373e-05 0
1755466401649 6.079579138481373e-05 1
1755466404002 6.079579138481373e-05 2
1755466406309 6.079579138481373e-05 3
1755466409068 6.079579138481373e-05 4
1755466411252 6.079579138481373e-05 5
1755466413402 6.079579138481373e-05 6
1755466415589 3.0397895692406865e-05 7
1755466417857 3.0397895692406865e-05 8
1755466420069 3.0397895692406865e-05 9
1755466422364 3.0397895692406865e-05 10
1755466424746 3.0397895692406865e-05 11
1755466426835 3.0397895692406865e-05 12
1755466430062 1.5198947846203432e-05 13
1755466432452 1.5198947846203432e-05 14
1755466399078 6.079579138481373e-05 0
