1755466399064 3.499763355208855e-05 0
1755466401639 3.481524357654392e-05 1
1755466403992 3.497734503600821e-05 2
1755466406300 3.495885855075328e-05 3
1755466409058 3.4979178239514665e-05 4
1755466411241 3.498125553141018e-05 5
1755466413392 3.4935844089157216e-05 6
1755466415579 3.4947296152605195e-05 7
1755466417848 3.496945277480076e-05 8
1755466420059 3.492117434339329e-05 9
1755466422355 3.496162106195378e-05 10
1755466424736 3.4979552653497264e-05 11
1755466426826 3.4954129628054185e-05 12
1755466430052 3.496242415576989e-05 13
1755466432443 3.4955423705089216e-05 14
1755466399064 3.499763355208855e-05 0
