1755458166919 3.0035621080837923e-05 0
1755458172460 3.0035621080837923e-05 1
1755458177765 3.0035621080837923e-05 2
1755458182842 3.0035621080837923e-05 3
1755458188058 3.0035621080837923e-05 4
1755458194294 3.0035621080837923e-05 5
1755458199613 3.0035621080837923e-05 6
1755458205036 1.5017810540418961e-05 7
1755458210446 1.5017810540418961e-05 8
1755458215901 1.5017810540418961e-05 9
1755458221459 1.5017810540418961e-05 10
1755458227006 1.5017810540418961e-05 11
1755458232273 1.5017810540418961e-05 12
1755458237311 7.508905270209481e-06 13
1755458242317 7.508905270209481e-06 14
1755458247315 7.508905270209481e-06 15
1755458252280 7.508905270209481e-06 16
1755458257280 7.508905270209481e-06 17
1755458262913 7.508905270209481e-06 18
1755458267859 3.7544526351047403e-06 19
1755458272818 3.7544526351047403e-06 20
1755458277827 3.7544526351047403e-06 21
1755458166919 3.0035621080837923e-05 0
