1755458166908 1.3237859280694388e-05 0
1755458172453 1.3234499575241578e-05 1
1755458177757 1.323798938967588e-05 2
1755458182834 1.3238459399885037e-05 3
1755458188050 1.322811928736921e-05 4
1755458194285 1.3235293066135852e-05 5
1755458199605 1.3238847952674354e-05 6
1755458205028 1.323643279749991e-05 7
1755458210438 1.3231051264509159e-05 8
1755458215893 1.3231847888996975e-05 9
1755458221452 1.3231831575736372e-05 10
1755458226998 1.3223837977164575e-05 11
1755458232264 1.3238712245817022e-05 12
1755458237304 1.3238767734601167e-05 13
1755458242309 1.3236487428028493e-05 14
1755458247308 1.3225673201368792e-05 15
1755458252272 1.3234570994594013e-05 16
1755458257272 1.3231015598866577e-05 17
1755458262905 1.323759835499081e-05 18
1755458267852 1.3237087592053387e-05 19
1755458272810 1.3230112822896791e-05 20
1755458277819 1.3236847258078444e-05 21
1755458166908 1.3237859280694388e-05 0
