1755265272037 0.0003621524910138558 0
1755265273542 4.4379784348065084e-05 1
1755265275122 3.140448076818656e-05 2
1755265276595 2.7462581393693756e-05 3
1755265278307 2.5740585349720074e-05 4
1755265279891 2.5431124847980554e-05 5
1755265281588 2.5055312047091623e-05 6
1755265283348 2.4987182098104516e-05 7
1755265285022 2.5067471633519744e-05 8
1755265286753 2.526981554183294e-05 9
1755265288321 2.4975855386502292e-05 10
1755265290083 2.5149533228411908e-05 11
1755265292567 2.5082313643199287e-05 12
1755265294564 2.5087549731526653e-05 13
1755265296130 2.503625725189017e-05 14
1755265297637 2.4968979182126026e-05 15
1755265299275 2.485405520928907e-05 16
1755265300891 2.4794213649228266e-05 17
1755265302425 2.4805662611066104e-05 18
1755265304009 2.4925067494526352e-05 19
1755265272037 0.0003621524910138558 0
