1755259025845 0.001 0
1755259030233 0.001 1
1755259035572 0.001 2
1755259040638 0.001 3
1755259045658 0.001 4
1755259050488 0.001 5
1755259055130 0.001 6
1755259060116 0.001 7
1755259064826 0.001 8
1755259069701 0.001 9
1755259074872 0.001 10
1755259079919 0.001 11
1755259084793 0.001 12
1755259089503 0.001 13
1755259094567 0.001 14
1755259099155 0.001 15
1755259103680 0.001 16
1755259108386 0.001 17
1755259113304 0.0005 18
1755259118111 0.0005 19
1755259122900 0.0005 20
1755259128048 0.0005 21
1755259132554 0.0005 22
1755259025845 0.001 0
