1755259025845 0.00025650912459105257 0
1755259030233 1.5733353283798296e-05 1
1755259035572 1.365386464329288e-05 2
1755259040638 1.3582855442972643e-05 3
1755259045658 1.3619325420666979e-05 4
1755259050488 1.3587001673866561e-05 5
1755259055130 1.3687682294212515e-05 6
1755259060116 1.3605894232772094e-05 7
1755259064826 1.3579775454088429e-05 8
1755259069701 1.3646216231845905e-05 9
1755259074872 1.3606659837452933e-05 10
1755259079919 1.3640756991556663e-05 11
1755259084793 1.3615054024606467e-05 12
1755259089503 1.357519036350147e-05 13
1755259094567 1.3630585721398119e-05 14
1755259099155 1.3612111940861804e-05 15
1755259103680 1.3657883119198805e-05 16
1755259108386 1.363932293252045e-05 17
1755259113304 1.3643538164795904e-05 18
1755259118111 1.3462251223384688e-05 19
1755259122900 1.3497642278789723e-05 20
1755259128048 1.3515295365340666e-05 21
1755259132554 1.3496809516381719e-05 22
1755259025845 0.00025650912459105257 0
