1755457376295 0.00023025044392488954 0
1755457381053 0.00023025044392488954 1
1755457386129 0.00023025044392488954 2
1755457391923 0.00023025044392488954 3
1755457396787 0.00023025044392488954 4
1755457401673 0.00023025044392488954 5
1755457406595 0.00023025044392488954 6
1755457411680 0.00023025044392488954 7
1755457416535 0.00023025044392488954 8
1755457422119 0.00011512522196244477 9
1755457427211 0.00011512522196244477 10
1755457431965 0.00011512522196244477 11
1755457436947 0.00011512522196244477 12
1755457441758 0.00011512522196244477 13
1755457376295 0.00023025044392488954 0
