1755457376284 1.2188904935111831e-05 0
1755457381045 1.2153646239619086e-05 1
1755457386106 1.2164948871505229e-05 2
1755457391915 1.2184082824708445e-05 3
1755457396779 1.2174610157506487e-05 4
1755457401666 1.2162870225865125e-05 5
1755457406588 1.2174490821999876e-05 6
1755457411673 1.2171898577400385e-05 7
1755457416527 1.2189327196032099e-05 8
1755457422112 1.2163238270832713e-05 9
1755457427204 1.2126754076570707e-05 10
1755457431957 1.2131502286362169e-05 11
1755457436940 1.2135909585166997e-05 12
1755457441751 1.2141648570248227e-05 13
1755457376284 1.2188904935111831e-05 0
