1755458388949 2.064494709217593e-05 0
1755458395432 2.064494709217593e-05 1
1755458401853 2.064494709217593e-05 2
1755458408302 2.064494709217593e-05 3
1755458414733 2.064494709217593e-05 4
1755458421767 2.064494709217593e-05 5
1755458428281 1.0322473546087965e-05 6
1755458434716 1.0322473546087965e-05 7
1755458441342 1.0322473546087965e-05 8
1755458447788 1.0322473546087965e-05 9
1755458454888 1.0322473546087965e-05 10
1755458461565 1.0322473546087965e-05 11
1755458468161 5.161236773043982e-06 12
1755458474589 5.161236773043982e-06 13
1755458388949 2.064494709217593e-05 0
