1755458388927 1.024928718757955e-05 0
1755458395424 1.0251535646618957e-05 1
1755458401845 1.0247749745138739e-05 2
1755458408294 1.024430880775514e-05 3
1755458414725 1.0249109290818315e-05 4
1755458421759 1.0247467168957995e-05 5
1755458428274 1.0243921790595423e-05 6
1755458434708 1.0244796424687222e-05 7
1755458441334 1.0243735701339325e-05 8
1755458447780 1.0242680097923437e-05 9
1755458454880 1.0235023834697275e-05 10
1755458461557 1.0240237642859277e-05 11
1755458468154 1.0244103074821992e-05 12
1755458474582 1.0235189699769198e-05 13
1755458388927 1.024928718757955e-05 0
