1755958003646 1.4461454838965437e-05 0
1755958003903 1.452939926214943e-05 1
1755958004141 1.4421680558977338e-05 2
1755958004359 1.4580408757562206e-05 3
1755958004613 1.4470104345794728e-05 4
1755958004904 1.4519574369842303e-05 5
1755958005183 1.4578323293790163e-05 6
1755958005476 1.4587987683019795e-05 7
1755958005738 1.462039878485181e-05 8
1755958005991 1.4390250680662575e-05 9
1755958006260 1.458430162225947e-05 10
1755958006744 1.4424428172787884e-05 11
1755958007183 1.4497007866035953e-05 12
1755958007594 1.4669297828125612e-05 13
1755958008035 1.4622724074797589e-05 14
1755958008395 1.4457562307749565e-05 15
1755958003646 1.4461454838965437e-05 0
