1755454715463 3.8536256902294385e-05 0
1755454717638 3.8536256902294385e-05 1
1755454719833 3.8536256902294385e-05 2
1755454722003 3.8536256902294385e-05 3
1755454723910 3.8536256902294385e-05 4
1755454726026 3.8536256902294385e-05 5
1755454728013 3.8536256902294385e-05 6
1755454729933 3.8536256902294385e-05 7
1755454731898 1.9268128451147193e-05 8
1755454733965 1.9268128451147193e-05 9
1755454736030 1.9268128451147193e-05 10
1755454738044 1.9268128451147193e-05 11
1755454740233 1.9268128451147193e-05 12
1755454715463 3.8536256902294385e-05 0
