1755454715447 1.0245225052235622e-05 0
1755454717628 1.0211370313219509e-05 1
1755454719826 1.0241645088928507e-05 2
1755454721996 1.0241809500217416e-05 3
1755454723903 1.0218034054133544e-05 4
1755454726019 1.0229995198248044e-05 5
1755454728006 1.0239568990201944e-05 6
1755454729926 1.0195082594152227e-05 7
1755454731890 1.0216307875444863e-05 8
1755454733958 1.021378635068203e-05 9
1755454736023 1.0199777468179627e-05 10
1755454738037 1.0231042710782969e-05 11
1755454740226 1.0233449867593132e-05 12
1755454715447 1.0245225052235622e-05 0
