1755465015137 0.0 0
1755465016697 0.0 1
1755465018034 0.0 2
1755465019372 0.0 3
1755465020636 0.0 4
1755465021941 0.0 5
1755465023279 0.0 6
1755465024591 0.0 7
1755465025954 0.0 8
1755465027191 0.0 9
1755465028516 0.0 10
1755465029808 0.0 11
1755465031117 0.0 12
1755465032575 0.0 13
1755465034091 0.0 14
1755465035492 0.0 15
1755465036913 0.0 16
1755465038262 0.0 17
1755465039688 0.0 18
1755465041171 0.0 19
1755465042429 0.0 20
1755465043703 0.0 21
1755465044971 0.0 22
1755465046222 0.0 23
1755465047621 0.0 24
1755465049113 0.0 25
1755465051352 0.0 26
1755465015137 0.0 0
