1755465015126 0.0009333999715212152 0
1755465016693 0.0009333999715212152 1
1755465018030 0.0009333999715212152 2
1755465019368 0.0009333999715212152 3
1755465020632 0.0009333999715212152 4
1755465021937 0.0009333999715212152 5
1755465023275 0.0009333999715212152 6
1755465024587 0.0009333999715212152 7
1755465025950 0.0009333999715212152 8
1755465027187 0.0009333999715212152 9
1755465028512 0.0009333999715212152 10
1755465029803 0.0009333999715212152 11
1755465031113 0.0009333999715212152 12
1755465032571 0.0009333999715212152 13
1755465034086 0.0009333999715212152 14
1755465035488 0.0009333999715212152 15
1755465036909 0.0009333999715212152 16
1755465038258 0.0009333999715212152 17
1755465039683 0.0009333999715212152 18
1755465041167 0.0009333999715212152 19
1755465042424 0.0009333999715212152 20
1755465043698 0.0009333999715212152 21
1755465044967 0.0004666999857606076 22
1755465046218 0.0004666999857606076 23
1755465047616 0.0004666999857606076 24
1755465049109 0.0004666999857606076 25
1755465051348 0.0004666999857606076 26
1755465015126 0.0009333999715212152 0
