1755465015103 0.0008482047797181097 0
1755465016684 1.694649047384809e-05 1
1755465018022 1.711804184457236e-05 2
1755465019358 1.7196050575395352e-05 3
1755465020624 1.7177590619528943e-05 4
1755465021928 1.7173180477716755e-05 5
1755465023266 1.7201034698512513e-05 6
1755465024578 1.714448469586423e-05 7
1755465025941 1.7154621887750926e-05 8
1755465027178 1.715322391225932e-05 9
1755465028504 1.7128313599605783e-05 10
1755465029795 1.7218709602191202e-05 11
1755465031104 1.7095216658703715e-05 12
1755465032562 1.714370813362925e-05 13
1755465034077 1.71493485192758e-05 14
1755465035480 1.713209198315993e-05 15
1755465036900 1.714910527351551e-05 16
1755465038249 1.71701691888382e-05 17
1755465039674 1.721419631887193e-05 18
1755465041158 1.714237915352756e-05 19
1755465042415 1.7128701871708457e-05 20
1755465043689 1.7113534232573575e-05 21
1755465044958 1.7198625200642566e-05 22
1755465046209 1.6948575199974522e-05 23
1755465047607 1.6966783015462846e-05 24
1755465049099 1.6964793762240594e-05 25
1755465051339 1.6982112360351754e-05 26
1755465015103 0.0008482047797181097 0
