1755262280905 0.00011066689866159487 0
1755262285986 4.188551912892271e-05 1
1755262290884 4.1654830378039954e-05 2
1755262295618 4.1468542165681074e-05 3
1755262300568 4.163121670986325e-05 4
1755262305231 4.152109208390492e-05 5
1755262309795 4.1758822775767164e-05 6
1755262314722 4.1558558380711146e-05 7
1755262319318 4.158303933209167e-05 8
1755262323913 4.1550853399854426e-05 9
1755262328660 4.154482056853332e-05 10
1755262333483 4.148335211500267e-05 11
1755262338224 4.131376861048543e-05 12
1755262343200 4.140522257248225e-05 13
1755262348043 4.135141884036624e-05 14
1755262352647 4.132528408189382e-05 15
1755262357353 4.1316973731165986e-05 16
1755262362380 4.131251074573536e-05 17
1755262367213 4.1215515369732456e-05 18
1755262371815 4.122381459552441e-05 19
1755262280905 0.00011066689866159487 0
