1755461147139 1.619371134011141e-05 0
1755461153774 1.619371134011141e-05 1
1755461160608 1.619371134011141e-05 2
1755461167373 1.619371134011141e-05 3
1755461175416 1.619371134011141e-05 4
1755461181831 1.619371134011141e-05 5
1755461188524 1.619371134011141e-05 6
1755461194842 1.619371134011141e-05 7
1755461201527 8.096855670055705e-06 8
1755461209080 8.096855670055705e-06 9
1755461215540 8.096855670055705e-06 10
1755461222046 8.096855670055705e-06 11
1755461228808 8.096855670055705e-06 12
1755461147139 1.619371134011141e-05 0
