1755461147126 1.4249660024476288e-05 0
1755461153766 1.4261827304862316e-05 1
1755461160599 1.42639411600273e-05 2
1755461167365 1.4256998022049545e-05 3
1755461175408 1.4256881604724426e-05 4
1755461181823 1.425897829751738e-05 5
1755461188515 1.4263350363420688e-05 6
1755461194834 1.425920645114129e-05 7
1755461201519 1.425571294009191e-05 8
1755461209071 1.4258895692093492e-05 9
1755461215532 1.4257570135284452e-05 10
1755461222038 1.4254661988580744e-05 11
1755461228799 1.4260226788673489e-05 12
1755461147126 1.4249660024476288e-05 0
