1755466352332 6.079579138481373e-05 0
1755466353910 6.079579138481373e-05 1
1755466355659 6.079579138481373e-05 2
1755466357343 6.079579138481373e-05 3
1755466358937 6.079579138481373e-05 4
1755466360547 6.079579138481373e-05 5
1755466362120 3.0397895692406865e-05 6
1755466363824 3.0397895692406865e-05 7
1755466365514 3.0397895692406865e-05 8
1755466367119 3.0397895692406865e-05 9
1755466368656 3.0397895692406865e-05 10
1755466370395 3.0397895692406865e-05 11
1755466371990 1.5198947846203432e-05 12
1755466373570 1.5198947846203432e-05 13
1755466375234 1.5198947846203432e-05 14
1755466377008 1.5198947846203432e-05 15
1755466378674 1.5198947846203432e-05 16
1755466380270 1.5198947846203432e-05 17
1755466381921 7.599473923101716e-06 18
1755466383598 7.599473923101716e-06 19
1755466352332 6.079579138481373e-05 0
