1755466352317 3.3811014041060834e-05 0
1755466353901 3.378945832317244e-05 1
1755466355650 3.379792550547476e-05 2
1755466357333 3.3802659942822625e-05 3
1755466358927 3.378518181240621e-05 4
1755466360538 3.380077621393258e-05 5
1755466362110 3.3792631862242295e-05 6
1755466363814 3.37860010057528e-05 7
1755466365505 3.377248143902372e-05 8
1755466367110 3.377348714012839e-05 9
1755466368646 3.378083211532145e-05 10
1755466370385 3.377330665210504e-05 11
1755466371981 3.377783346061405e-05 12
1755466373560 3.377925195495917e-05 13
1755466375223 3.377620839895175e-05 14
1755466376999 3.377848273047838e-05 15
1755466378664 3.3776291589711994e-05 16
1755466380260 3.377213731930111e-05 17
1755466381910 3.377184315777573e-05 18
1755466383588 3.377047043421822e-05 19
1755466352317 3.3811014041060834e-05 0
