1755457150603 8.795568671547272e-05 0
1755457151696 8.795568671547272e-05 1
1755457152690 8.795568671547272e-05 2
1755457153556 8.795568671547272e-05 3
1755457154382 8.795568671547272e-05 4
1755457155264 8.795568671547272e-05 5
1755457156146 8.795568671547272e-05 6
1755457156985 8.795568671547272e-05 7
1755457157873 8.795568671547272e-05 8
1755457158735 8.795568671547272e-05 9
1755457159583 8.795568671547272e-05 10
1755457160482 8.795568671547272e-05 11
1755457161390 4.397784335773636e-05 12
1755457162304 4.397784335773636e-05 13
1755457163163 4.397784335773636e-05 14
1755457164062 4.397784335773636e-05 15
1755457164943 4.397784335773636e-05 16
1755457150603 8.795568671547272e-05 0
