1755457150585 1.2094562958629788e-05 0
1755457151689 1.2128807566114119e-05 1
1755457152682 1.2133528774510898e-05 2
1755457153548 1.2134803177211913e-05 3
1755457154375 1.2073365523439647e-05 4
1755457155256 1.2132662210634034e-05 5
1755457156139 1.2110581161216354e-05 6
1755457156977 1.2148828821356053e-05 7
1755457157866 1.211103010117607e-05 8
1755457158728 1.2125523902367979e-05 9
1755457159576 1.2041918807881302e-05 10
1755457160475 1.2132515576013247e-05 11
1755457161383 1.2116382811869056e-05 12
1755457162296 1.2131365621612263e-05 13
1755457163156 1.2116307561882423e-05 14
1755457164054 1.2122423223605865e-05 15
1755457164936 1.2075004315192928e-05 16
1755457150585 1.2094562958629788e-05 0
