1755458659376 2.064494709217593e-05 0
1755458670757 2.064494709217593e-05 1
1755458682699 2.064494709217593e-05 2
1755458693993 2.064494709217593e-05 3
1755458705396 2.064494709217593e-05 4
1755458717284 2.064494709217593e-05 5
1755458728694 1.0322473546087965e-05 6
1755458740026 1.0322473546087965e-05 7
1755458751992 1.0322473546087965e-05 8
1755458763330 1.0322473546087965e-05 9
1755458774559 1.0322473546087965e-05 10
1755458786653 1.0322473546087965e-05 11
1755458798063 5.161236773043982e-06 12
1755458809626 5.161236773043982e-06 13
1755458821699 5.161236773043982e-06 14
1755458833100 5.161236773043982e-06 15
1755458844553 5.161236773043982e-06 16
1755458856442 5.161236773043982e-06 17
1755458659376 2.064494709217593e-05 0
