1755458659360 1.3233215130450125e-05 0
1755458670750 1.3226951406457894e-05 1
1755458682691 1.3230386475997576e-05 2
1755458693982 1.323003958222526e-05 3
1755458705388 1.3212563458132586e-05 4
1755458717277 1.323079458925749e-05 5
1755458728680 1.3230707324740022e-05 6
1755458740019 1.3226695581089679e-05 7
1755458751984 1.3226693437280738e-05 8
1755458763317 1.3226907120062586e-05 9
1755458774552 1.3225571719985864e-05 10
1755458786646 1.3227355264082159e-05 11
1755458798051 1.3226596535617488e-05 12
1755458809618 1.322636190697277e-05 13
1755458821691 1.3225948972391492e-05 14
1755458833089 1.3224999490905627e-05 15
1755458844546 1.3226191422690645e-05 16
1755458856435 1.3226028286326154e-05 17
1755458659360 1.3233215130450125e-05 0
