1755455816598 0.0005144036133942177 0
1755455817532 0.0005144036133942177 1
1755455818399 0.0005144036133942177 2
1755455819273 0.0005144036133942177 3
1755455820096 0.0005144036133942177 4
1755455820957 0.0005144036133942177 5
1755455821805 0.0005144036133942177 6
1755455822641 0.0005144036133942177 7
1755455823567 0.0005144036133942177 8
1755455824455 0.00025720180669710883 9
1755455825367 0.00025720180669710883 10
1755455826238 0.00025720180669710883 11
1755455827086 0.00025720180669710883 12
1755455827932 0.00025720180669710883 13
1755455828755 0.00025720180669710883 14
1755455829589 0.00025720180669710883 15
1755455830461 0.00012860090334855442 16
1755455831301 0.00012860090334855442 17
1755455832121 0.00012860090334855442 18
1755455832994 0.00012860090334855442 19
1755455833877 0.00012860090334855442 20
1755455816598 0.0005144036133942177 0
