1755455816586 1.3347481354587995e-05 0
1755455817525 1.3161711024167744e-05 1
1755455818392 1.3139344133605846e-05 2
1755455819266 1.3186626075269356e-05 3
1755455820089 1.3172850905058503e-05 4
1755455820950 1.313583013029529e-05 5
1755455821798 1.3141813738570818e-05 6
1755455822634 1.3185447288930976e-05 7
1755455823560 1.3034026190033338e-05 8
1755455824448 1.3243253371391412e-05 9
1755455825360 1.3059222319660485e-05 10
1755455826231 1.2995149227939301e-05 11
1755455827079 1.3057533251981113e-05 12
1755455827924 1.2775323700761224e-05 13
1755455828748 1.3087710872891226e-05 14
1755455829581 1.3052861407101903e-05 15
1755455830453 1.307872299045292e-05 16
1755455831294 1.3014511602753892e-05 17
1755455832114 1.295775813657331e-05 18
1755455832986 1.3027785864697502e-05 19
1755455833870 1.286920579397182e-05 20
1755455816586 1.3347481354587995e-05 0
