1755465431778 0.0005382440457412134 0
1755465435116 0.0005382440457412134 1
1755465438480 0.0005382440457412134 2
1755465441793 0.0005382440457412134 3
1755465445110 0.0005382440457412134 4
1755465448427 0.0005382440457412134 5
1755465451891 0.0002691220228706067 6
1755465455307 0.0002691220228706067 7
1755465458626 0.0002691220228706067 8
1755465463001 0.0002691220228706067 9
1755465466389 0.0002691220228706067 10
1755465469708 0.0002691220228706067 11
1755465473027 0.00013456101143530336 12
1755465476394 0.00013456101143530336 13
1755465479828 0.00013456101143530336 14
1755465483260 0.00013456101143530336 15
1755465486656 0.00013456101143530336 16
1755465489976 0.00013456101143530336 17
1755465493408 6.728050571765168e-05 18
1755465497209 6.728050571765168e-05 19
1755465500676 6.728050571765168e-05 20
1755465504084 6.728050571765168e-05 21
1755465431778 0.0005382440457412134 0
