1755465431765 1.7108107618247785e-05 0
1755465435107 1.700076988891743e-05 1
1755465438471 1.6994582502306532e-05 2
1755465441785 1.699217298440366e-05 3
1755465445100 1.697438377086335e-05 4
1755465448418 1.701819938728673e-05 5
1755465451881 1.6994686585360994e-05 6
1755465455299 1.692826028759471e-05 7
1755465458617 1.6909075845076523e-05 8
1755465462992 1.689174121662042e-05 9
1755465466380 1.690577023449733e-05 10
1755465469699 1.6914154036789964e-05 11
1755465473018 1.6894424680738002e-05 12
1755465476386 1.685101575869323e-05 13
1755465479818 1.687937497141392e-05 14
1755465483250 1.6869734724227002e-05 15
1755465486648 1.6871386596984035e-05 16
1755465489967 1.6858186252984563e-05 17
1755465493399 1.6852113995581838e-05 18
1755465497185 1.68872195214768e-05 19
1755465500667 1.6864952468867787e-05 20
1755465504075 1.6871627733277544e-05 21
1755465431765 1.7108107618247785e-05 0
