1755456868768 1.2134264510023388e-05 0
1755456871624 1.2134264510023388e-05 1
1755456874629 1.2134264510023388e-05 2
1755456877538 1.2134264510023388e-05 3
1755456879816 1.2134264510023388e-05 4
1755456883142 1.2134264510023388e-05 5
1755456885499 1.2134264510023388e-05 6
1755456887456 1.2134264510023388e-05 7
1755456890454 1.2134264510023388e-05 8
1755456893531 1.2134264510023388e-05 9
1755456895505 1.2134264510023388e-05 10
1755456897858 1.2134264510023388e-05 11
1755456900783 6.067132255011694e-06 12
1755456902879 6.067132255011694e-06 13
1755456905302 6.067132255011694e-06 14
1755456908609 6.067132255011694e-06 15
1755456911050 6.067132255011694e-06 16
1755456868768 1.2134264510023388e-05 0
