1755456868750 1.3242906231358387e-05 0
1755456871617 1.3246193661019428e-05 1
1755456874622 1.3259882836965346e-05 2
1755456877531 1.3221447612561317e-05 3
1755456879809 1.3259786183067269e-05 4
1755456883124 1.3181795585479825e-05 5
1755456885491 1.325067638846819e-05 6
1755456887449 1.3250475865775902e-05 7
1755456890447 1.326587784038797e-05 8
1755456893524 1.3253037513844285e-05 9
1755456895497 1.3246717555677747e-05 10
1755456897849 1.3241176179609885e-05 11
1755456900775 1.3245199228189667e-05 12
1755456902872 1.32284162164037e-05 13
1755456905294 1.3246496440804182e-05 14
1755456908571 1.3251666289893253e-05 15
1755456911042 1.3233331294494596e-05 16
1755456868750 1.3242906231358387e-05 0
