1755263915962 0.00011840493834037262 0
1755263920520 5.292127784911712e-05 1
1755263925621 5.287518217952765e-05 2
1755263931185 5.299451466705856e-05 3
1755263936186 5.2928294586647026e-05 4
1755263941458 5.288247459509929e-05 5
1755263946690 5.2962382217586776e-05 6
1755263951906 5.2882381059745816e-05 7
1755263956684 5.297465389860403e-05 8
1755263961527 5.2916030811683994e-05 9
1755263966168 5.284080253446268e-05 10
1755263970927 5.291145454607667e-05 11
1755263975743 5.260112661831695e-05 12
1755263980451 5.262146509368187e-05 13
1755263985236 5.26552958093644e-05 14
1755263990043 5.256440673892094e-05 15
1755263915962 0.00011840493834037262 0
