1755457454256 0.00023025044392488954 0
1755457461427 0.00023025044392488954 1
1755457467830 0.00023025044392488954 2
1755457474161 0.00023025044392488954 3
1755457480423 0.00023025044392488954 4
1755457486667 0.00023025044392488954 5
1755457493731 0.00023025044392488954 6
1755457499931 0.00023025044392488954 7
1755457506317 0.00011512522196244477 8
1755457512592 0.00011512522196244477 9
1755457518856 0.00011512522196244477 10
1755457525273 0.00011512522196244477 11
1755457532371 0.00011512522196244477 12
1755457538796 0.00011512522196244477 13
1755457545187 0.00011512522196244477 14
1755457551773 0.00011512522196244477 15
1755457558345 5.7562610981222384e-05 16
1755457565498 5.7562610981222384e-05 17
1755457571780 5.7562610981222384e-05 18
1755457578085 5.7562610981222384e-05 19
1755457584538 5.7562610981222384e-05 20
1755457454256 0.00023025044392488954 0
