1755457454240 1.3300412919208e-05 0
1755457461420 1.3279511884362457e-05 1
1755457467823 1.3290718925667919e-05 2
1755457474154 1.329368062752619e-05 3
1755457480415 1.3284921056180566e-05 4
1755457486660 1.3287371752675188e-05 5
1755457493724 1.3290841166348237e-05 6
1755457499923 1.329089834396397e-05 7
1755457506309 1.3289096216901684e-05 8
1755457512585 1.3242140693655009e-05 9
1755457518849 1.324798487000021e-05 10
1755457525252 1.3249624441357293e-05 11
1755457532364 1.3245734034342336e-05 12
1755457538789 1.3249539929981472e-05 13
1755457545179 1.3254279683249471e-05 14
1755457551765 1.3233297813692884e-05 15
1755457558337 1.3248558742937186e-05 16
1755457565491 1.3220576043903789e-05 17
1755457571773 1.3223566214893003e-05 18
1755457578076 1.322619136153143e-05 19
1755457584531 1.322795383747001e-05 20
1755457454240 1.3300412919208e-05 0
