1755463633202 0.00011204832589493713 0
1755463641285 0.00011204832589493713 1
1755463649848 0.00011204832589493713 2
1755463657848 0.00011204832589493713 3
1755463666018 0.00011204832589493713 4
1755463674380 0.00011204832589493713 5
1755463682454 0.00011204832589493713 6
1755463690483 0.00011204832589493713 7
1755463699584 0.00011204832589493713 8
1755463709006 0.00011204832589493713 9
1755463716966 0.00011204832589493713 10
1755463726115 0.00011204832589493713 11
1755463734952 0.00011204832589493713 12
1755463744026 5.6024162947468565e-05 13
1755463753914 5.6024162947468565e-05 14
1755463761903 5.6024162947468565e-05 15
1755463770250 5.6024162947468565e-05 16
1755463779017 5.6024162947468565e-05 17
1755463633202 0.00011204832589493713 0
