1755463633180 1.6905015885200997e-05 0
1755463641277 1.689562461631415e-05 1
1755463649839 1.6901560474712363e-05 2
1755463657839 1.6879527426861207e-05 3
1755463666009 1.6890726697506128e-05 4
1755463674371 1.6892339371034913e-05 5
1755463682444 1.6889102029391314e-05 6
1755463690474 1.688947462588368e-05 7
1755463699576 1.688828790745222e-05 8
1755463708981 1.6896919369723396e-05 9
1755463716945 1.6895120179319895e-05 10
1755463726091 1.68866587903092e-05 11
1755463734924 1.688493766328515e-05 12
1755463744011 1.6895251183036684e-05 13
1755463753906 1.687000367632868e-05 14
1755463761894 1.6867722756315134e-05 15
1755463770241 1.686996848013303e-05 16
1755463779003 1.6871757371508477e-05 17
1755463633180 1.6905015885200997e-05 0
