1755456344709 7.955439559453043e-05 0
1755456346282 7.955439559453043e-05 1
1755456347826 7.955439559453043e-05 2
1755456349475 7.955439559453043e-05 3
1755456351096 7.955439559453043e-05 4
1755456352569 7.955439559453043e-05 5
1755456354079 7.955439559453043e-05 6
1755456355577 3.9777197797265216e-05 7
1755456357359 3.9777197797265216e-05 8
1755456359108 3.9777197797265216e-05 9
1755456360654 3.9777197797265216e-05 10
1755456362141 3.9777197797265216e-05 11
1755456363569 3.9777197797265216e-05 12
1755456365100 1.9888598898632608e-05 13
1755456344709 7.955439559453043e-05 0
