1755456344697 1.3235023310907378e-05 0
1755456346275 1.3225531267284417e-05 1
1755456347819 1.3228761249572902e-05 2
1755456349467 1.3244419100342164e-05 3
1755456351089 1.324107380253932e-05 4
1755456352562 1.3236500833129423e-05 5
1755456354072 1.3232891371188144e-05 6
1755456355567 1.3169746950997239e-05 7
1755456357351 1.3236839341448204e-05 8
1755456359100 1.3237902502692022e-05 9
1755456360647 1.3236161631671507e-05 10
1755456362134 1.3232599423388875e-05 11
1755456363562 1.3233603193026035e-05 12
1755456365093 1.322079678243326e-05 13
1755456344697 1.3235023310907378e-05 0
