1755464641332 0.0 0
1755464641953 0.0 1
1755464642870 0.0 2
1755464643286 0.0 3
1755464643719 0.0 4
1755464644157 0.0 5
1755464644576 0.0 6
1755464645000 0.0 7
1755464645432 0.0 8
1755464645839 0.0 9
1755464646245 0.0 10
1755464646639 0.0 11
1755464647027 0.0 12
1755464647438 0.0 13
1755464647831 0.0 14
1755464648219 0.0 15
1755464648614 0.0 16
1755464648989 0.0 17
1755464649399 0.0 18
1755464649829 0.0 19
1755464650290 0.0 20
1755464650771 0.0 21
1755464651320 0.0 22
1755464651827 0.0 23
1755464652309 0.0 24
1755464652761 0.0 25
1755464653180 0.0 26
1755464653600 0.0 27
1755464654009 0.0 28
1755464641332 0.0 0
