1755464641326 0.0008378844922872896 0
1755464641940 0.0008378844922872896 1
1755464642866 0.0008378844922872896 2
1755464643282 0.0008378844922872896 3
1755464643715 0.0008378844922872896 4
1755464644153 0.0008378844922872896 5
1755464644572 0.0008378844922872896 6
1755464644996 0.0008378844922872896 7
1755464645428 0.0004189422461436448 8
1755464645835 0.0004189422461436448 9
1755464646240 0.0004189422461436448 10
1755464646635 0.0004189422461436448 11
1755464647023 0.0004189422461436448 12
1755464647434 0.0004189422461436448 13
1755464647827 0.0004189422461436448 14
1755464648215 0.0004189422461436448 15
1755464648610 0.0002094711230718224 16
1755464648984 0.0002094711230718224 17
1755464649395 0.0002094711230718224 18
1755464649825 0.0002094711230718224 19
1755464650286 0.0002094711230718224 20
1755464650767 0.0002094711230718224 21
1755464651315 0.0001047355615359112 22
1755464651823 0.0001047355615359112 23
1755464652304 0.0001047355615359112 24
1755464652756 0.0001047355615359112 25
1755464653175 0.0001047355615359112 26
1755464653596 0.0001047355615359112 27
1755464654004 5.23677807679556e-05 28
1755464641326 0.0008378844922872896 0
