1755464641313 0.0002532151424929907 0
1755464641917 1.494622801244207e-05 1
1755464642858 1.5073882804829606e-05 2
1755464643272 1.5172211671402433e-05 3
1755464643707 1.4914638768459554e-05 4
1755464644144 1.506084015545639e-05 5
1755464644563 1.5085221580842959e-05 6
1755464644987 1.4976035856761882e-05 7
1755464645420 1.498075523288987e-05 8
1755464645827 1.4711739977103986e-05 9
1755464646232 1.4961357318757759e-05 10
1755464646627 1.499860724964362e-05 11
1755464647014 1.4948076146278513e-05 12
1755464647425 1.4622616658601015e-05 13
1755464647818 1.5010859556241485e-05 14
1755464648207 1.5017065006109728e-05 15
1755464648601 1.5091487877530848e-05 16
1755464648975 1.4948952590592463e-05 17
1755464649386 1.4954375615161553e-05 18
1755464649817 1.4850788886633381e-05 19
1755464650277 1.4950888709920815e-05 20
1755464650758 1.493946778704672e-05 21
1755464651306 1.4881420643827628e-05 22
1755464651813 1.4897271829080897e-05 23
1755464652296 1.494694952595767e-05 24
1755464652747 1.49257273765865e-05 25
1755464653167 1.489339826678458e-05 26
1755464653587 1.4939317354998951e-05 27
1755464653995 1.4948751770914117e-05 28
1755464641313 0.0002532151424929907 0
