1755456466450 3.351106800247471e-05 0
1755456468087 3.351106800247471e-05 1
1755456469636 3.351106800247471e-05 2
1755456471167 3.351106800247471e-05 3
1755456472718 3.351106800247471e-05 4
1755456474333 3.351106800247471e-05 5
1755456476455 3.351106800247471e-05 6
1755456478127 3.351106800247471e-05 7
1755456479800 3.351106800247471e-05 8
1755456481426 1.6755534001237355e-05 9
1755456482963 1.6755534001237355e-05 10
1755456484604 1.6755534001237355e-05 11
1755456486201 1.6755534001237355e-05 12
1755456488704 1.6755534001237355e-05 13
1755456466450 3.351106800247471e-05 0
