1755456466439 1.2111287448381376e-05 0
1755456468080 1.2111888209638995e-05 1
1755456469629 1.210953057266511e-05 2
1755456471159 1.2109015008523714e-05 3
1755456472711 1.2110635147312563e-05 4
1755456474325 1.2101862584160934e-05 5
1755456476447 1.2107278640446046e-05 6
1755456478119 1.2103665482709536e-05 7
1755456479792 1.210616662647866e-05 8
1755456481418 1.2105368118135472e-05 9
1755456482955 1.2100398098322373e-05 10
1755456484597 1.2102685214784053e-05 11
1755456486193 1.2101976208987653e-05 12
1755456488697 1.2102823371963462e-05 13
1755456466439 1.2111287448381376e-05 0
