1755466616329 0.0 0
1755466620295 0.0 1
1755466624355 0.0 2
1755466628953 0.0 3
1755466632894 0.0 4
1755466637241 0.0 5
1755466641886 0.0 6
1755466646713 0.0 7
1755466650776 0.0 8
1755466654851 0.0 9
1755466659273 0.0 10
1755466663447 0.0 11
1755466667841 0.0 12
1755466671672 0.0 13
1755466676834 0.0 14
1755466680870 0.0 15
1755466684962 0.0 16
1755466688958 0.0 17
1755466692933 0.0 18
1755466696943 0.0 19
1755466701007 0.0 20
1755466705528 0.0 21
1755466709717 0.0 22
1755466714784 0.0 23
1755466718698 0.0 24
1755466616329 0.0 0
