1755466616309 0.00019633872678248823 0
1755466620290 0.00019633872678248823 1
1755466624350 0.00019633872678248823 2
1755466628949 0.00019633872678248823 3
1755466632887 0.00019633872678248823 4
1755466637236 0.00019633872678248823 5
1755466641873 0.00019633872678248823 6
1755466646709 9.816936339124411e-05 7
1755466650771 9.816936339124411e-05 8
1755466654847 9.816936339124411e-05 9
1755466659268 9.816936339124411e-05 10
1755466663443 9.816936339124411e-05 11
1755466667837 9.816936339124411e-05 12
1755466671667 4.9084681695622056e-05 13
1755466676830 4.9084681695622056e-05 14
1755466680866 4.9084681695622056e-05 15
1755466684958 4.9084681695622056e-05 16
1755466688953 4.9084681695622056e-05 17
1755466692929 4.9084681695622056e-05 18
1755466696939 4.9084681695622056e-05 19
1755466701002 2.4542340847811028e-05 20
1755466705523 2.4542340847811028e-05 21
1755466709712 2.4542340847811028e-05 22
1755466714779 2.4542340847811028e-05 23
1755466718693 2.4542340847811028e-05 24
1755466616309 0.00019633872678248823 0
