1755466616290 3.392766797781762e-05 0
1755466620281 3.3902318119462896e-05 1
1755466624341 3.390966385375099e-05 2
1755466628938 3.3908015569558224e-05 3
1755466632875 3.390333175598237e-05 4
1755466637226 3.393861656318242e-05 5
1755466641853 3.3897372339360256e-05 6
1755466646699 3.3904223046099297e-05 7
1755466650762 3.386391294812543e-05 8
1755466654837 3.3857574354347656e-05 9
1755466659259 3.384273619936753e-05 10
1755466663433 3.383790060701874e-05 11
1755466667827 3.3869040588438105e-05 12
1755466671658 3.3864193729573446e-05 13
1755466676820 3.382954533094061e-05 14
1755466680856 3.3847017919459404e-05 15
1755466684948 3.383407376582727e-05 16
1755466688943 3.382196720740093e-05 17
1755466692919 3.383443403390696e-05 18
1755466696929 3.383586284540909e-05 19
1755466700992 3.382235502809507e-05 20
1755466705512 3.382655113682297e-05 21
1755466709702 3.3827112367172485e-05 22
1755466714769 3.381710639293438e-05 23
1755466718684 3.381374686574637e-05 24
1755466616290 3.392766797781762e-05 0
