1755457744850 1.056094480732001e-05 0
1755457745706 1.056094480732001e-05 1
1755457746528 1.056094480732001e-05 2
1755457747376 1.056094480732001e-05 3
1755457748188 1.056094480732001e-05 4
1755457748936 1.056094480732001e-05 5
1755457749813 5.280472403660005e-06 6
1755457750582 5.280472403660005e-06 7
1755457751381 5.280472403660005e-06 8
1755457752206 5.280472403660005e-06 9
1755457753016 5.280472403660005e-06 10
1755457753845 5.280472403660005e-06 11
1755457754717 2.6402362018300026e-06 12
1755457755613 2.6402362018300026e-06 13
1755457756484 2.6402362018300026e-06 14
1755457744850 1.056094480732001e-05 0
