1755457744838 1.2993750747877389e-05 0
1755457745698 1.2994051776412821e-05 1
1755457746520 1.3021339481968295e-05 2
1755457747368 1.2941822869752936e-05 3
1755457748181 1.2985741457376726e-05 4
1755457748928 1.287231439001906e-05 5
1755457749806 1.2994747675877858e-05 6
1755457750574 1.2995000499163975e-05 7
1755457751373 1.3001731413656411e-05 8
1755457752199 1.3003212712549481e-05 9
1755457753007 1.3007154832069188e-05 10
1755457753837 1.3001579256004853e-05 11
1755457754709 1.300960556704922e-05 12
1755457755605 1.2996077925566038e-05 13
1755457756476 1.2976276065858525e-05 14
1755457744838 1.2993750747877389e-05 0
