1755461779898 0.0003093476081664604 0
1755461781266 0.0003093476081664604 1
1755461782706 0.0003093476081664604 2
1755461784299 0.0003093476081664604 3
1755461785896 0.0003093476081664604 4
1755461787492 0.0003093476081664604 5
1755461788888 0.0003093476081664604 6
1755461790313 0.0003093476081664604 7
1755461791750 0.0001546738040832302 8
1755461793183 0.0001546738040832302 9
1755461794671 0.0001546738040832302 10
1755461796147 0.0001546738040832302 11
1755461797945 0.0001546738040832302 12
1755461779898 0.0003093476081664604 0
