1755461779877 1.5136775108466498e-05 0
1755461781257 1.5110945175483762e-05 1
1755461782697 1.5065081021681596e-05 2
1755461784291 1.4933525919674759e-05 3
1755461785888 1.507632932995545e-05 4
1755461787484 1.5141461330898028e-05 5
1755461788879 1.5074021069108414e-05 6
1755461790304 1.5091052350502072e-05 7
1755461791741 1.5118479796653891e-05 8
1755461793174 1.503308958327241e-05 9
1755461794663 1.5024221862086256e-05 10
1755461796139 1.5046429702850406e-05 11
1755461797920 1.5018612330217846e-05 12
1755461779877 1.5136775108466498e-05 0
