1755460644716 0.00015443736184203317 0
1755460645422 0.00015443736184203317 1
1755460646126 0.00015443736184203317 2
1755460646887 0.00015443736184203317 3
1755460647657 0.00015443736184203317 4
1755460648459 0.00015443736184203317 5
1755460649192 0.00015443736184203317 6
1755460649945 0.00015443736184203317 7
1755460650680 0.00015443736184203317 8
1755460651385 0.00015443736184203317 9
1755460652084 0.00015443736184203317 10
1755460652784 7.721868092101658e-05 11
1755460653507 7.721868092101658e-05 12
1755460654264 7.721868092101658e-05 13
1755460654996 7.721868092101658e-05 14
1755460655725 7.721868092101658e-05 15
1755460656524 7.721868092101658e-05 16
1755460658016 3.860934046050829e-05 17
1755460658778 3.860934046050829e-05 18
1755460659533 3.860934046050829e-05 19
1755460660335 3.860934046050829e-05 20
1755460661128 3.860934046050829e-05 21
1755460644716 0.00015443736184203317 0
