1755460644706 1.4918784618852701e-05 0
1755460645414 1.4978318501692098e-05 1
1755460646114 1.497430931911887e-05 2
1755460646878 1.4965079368981346e-05 3
1755460647649 1.492992230721159e-05 4
1755460648451 1.4935830189902585e-05 5
1755460649184 1.492873554655359e-05 6
1755460649937 1.497775542702584e-05 7
1755460650672 1.4978841729121736e-05 8
1755460651376 1.4985454234712442e-05 9
1755460652076 1.4964212052096368e-05 10
1755460652775 1.4956366174244198e-05 11
1755460653498 1.4938667512914045e-05 12
1755460654255 1.4917260565588159e-05 13
1755460654988 1.4941783620413065e-05 14
1755460655717 1.4950362883934889e-05 15
1755460656496 1.4934462017533536e-05 16
1755460657998 1.4963230033312616e-05 17
1755460658770 1.4915207657395513e-05 18
1755460659525 1.4903795058022037e-05 19
1755460660324 1.486636419453394e-05 20
1755460661119 1.494145122446103e-05 21
1755460644706 1.4918784618852701e-05 0
