1755456952079 0.0 0
1755456952933 0.0 1
1755456953768 0.0 2
1755456954609 0.0 3
1755456955490 0.0 4
1755456956313 0.0 5
1755456957099 0.0 6
1755456957905 0.0 7
1755456958706 0.0 8
1755456959544 0.0 9
1755456960355 0.0 10
1755456961211 0.0 11
1755456962074 0.0 12
1755456962894 0.0 13
1755456963696 0.0 14
1755456964480 0.0 15
1755456965245 0.0 16
1755456966238 0.0 17
1755456967670 0.0 18
1755456968579 0.0 19
1755456969489 0.0 20
1755456970311 0.0 21
1755456971163 0.0 22
1755456972096 0.0 23
1755456972973 0.0 24
1755456973779 0.0 25
1755456974590 0.0 26
1755456975391 0.0 27
1755456976270 0.0 28
1755456977054 0.0 29
1755456977874 0.0 30
1755456978645 0.0 31
1755456979449 0.0 32
1755456980256 0.0 33
1755456952079 0.0 0
