1755456952072 5.498901177341162e-05 0
1755456952929 5.498901177341162e-05 1
1755456953765 5.498901177341162e-05 2
1755456954605 5.498901177341162e-05 3
1755456955486 5.498901177341162e-05 4
1755456956309 5.498901177341162e-05 5
1755456957095 5.498901177341162e-05 6
1755456957901 5.498901177341162e-05 7
1755456958702 2.749450588670581e-05 8
1755456959540 2.749450588670581e-05 9
1755456960351 2.749450588670581e-05 10
1755456961207 2.749450588670581e-05 11
1755456962070 2.749450588670581e-05 12
1755456962891 2.749450588670581e-05 13
1755456963693 1.3747252943352904e-05 14
1755456964476 1.3747252943352904e-05 15
1755456965239 1.3747252943352904e-05 16
1755456966228 1.3747252943352904e-05 17
1755456967664 1.3747252943352904e-05 18
1755456968575 1.3747252943352904e-05 19
1755456969485 6.873626471676452e-06 20
1755456970307 6.873626471676452e-06 21
1755456971159 6.873626471676452e-06 22
1755456972092 6.873626471676452e-06 23
1755456972969 6.873626471676452e-06 24
1755456973775 6.873626471676452e-06 25
1755456974586 3.436813235838226e-06 26
1755456975387 3.436813235838226e-06 27
1755456976266 3.436813235838226e-06 28
1755456977050 3.436813235838226e-06 29
1755456977870 3.436813235838226e-06 30
1755456978641 3.436813235838226e-06 31
1755456979445 1.718406617919113e-06 32
1755456980252 1.718406617919113e-06 33
1755456952072 5.498901177341162e-05 0
