1755456952062 1.0235668980337234e-05 0
1755456952922 1.0181444511834874e-05 1
1755456953758 1.0228131084224627e-05 2
1755456954598 1.0245882336209185e-05 3
1755456955479 1.0229752443648929e-05 4
1755456956302 1.023863303564325e-05 5
1755456957088 1.023909650971653e-05 6
1755456957894 1.0221620460365517e-05 7
1755456958695 1.0232968626178665e-05 8
1755456959533 1.0219188252207927e-05 9
1755456960344 1.0232074645202889e-05 10
1755456961200 1.0227669934192013e-05 11
1755456962062 1.023511315029644e-05 12
1755456962883 1.0221314646796359e-05 13
1755456963686 1.0215475141492274e-05 14
1755456964469 1.0223839647559407e-05 15
1755456965231 1.0224736765487041e-05 16
1755456966206 1.0208381418848567e-05 17
1755456967654 1.0205952293314612e-05 18
1755456968565 1.0162921799078946e-05 19
1755456969477 1.0119758327461963e-05 20
1755456970300 1.0207154331413953e-05 21
1755456971151 1.021431608909053e-05 22
1755456972084 1.0218646744696529e-05 23
1755456972961 1.0101141787852178e-05 24
1755456973768 1.0223199121830588e-05 25
1755456974578 1.0180816529889176e-05 26
1755456975379 1.022314114757982e-05 27
1755456976257 1.0210566757547163e-05 28
1755456977042 1.0203791394267891e-05 29
1755456977862 1.022692796358513e-05 30
1755456978634 1.0209546888017135e-05 31
1755456979437 1.0161848508808129e-05 32
1755456980244 1.021270592932886e-05 33
1755456952062 1.0235668980337234e-05 0
