1755459301645 0.0 0
1755459303392 0.0 1
1755459305102 0.0 2
1755459306764 0.0 3
1755459308453 0.0 4
1755459310175 0.0 5
1755459311873 0.0 6
1755459314172 0.0 7
1755459316106 0.0 8
1755459317821 0.0 9
1755459319503 0.0 10
1755459321185 0.0 11
1755459322977 0.0 12
1755459324733 0.0 13
1755459326488 0.0 14
1755459328193 0.0 15
1755459329981 0.0 16
1755459331776 0.0 17
1755459333495 0.0 18
1755459335192 0.0 19
1755459336987 0.0 20
1755459338793 0.0 21
1755459340539 0.0 22
1755459342249 0.0 23
1755459301645 0.0 0
