1755459301640 1.8880243581724525e-05 0
1755459303388 1.8880243581724525e-05 1
1755459305099 1.8880243581724525e-05 2
1755459306760 1.8880243581724525e-05 3
1755459308449 1.8880243581724525e-05 4
1755459310171 1.8880243581724525e-05 5
1755459311870 1.8880243581724525e-05 6
1755459314166 1.8880243581724525e-05 7
1755459316103 9.440121790862263e-06 8
1755459317817 9.440121790862263e-06 9
1755459319499 9.440121790862263e-06 10
1755459321182 9.440121790862263e-06 11
1755459322973 9.440121790862263e-06 12
1755459324729 9.440121790862263e-06 13
1755459326484 4.720060895431131e-06 14
1755459328189 4.720060895431131e-06 15
1755459329977 4.720060895431131e-06 16
1755459331772 4.720060895431131e-06 17
1755459333491 4.720060895431131e-06 18
1755459335188 4.720060895431131e-06 19
1755459336983 2.3600304477155657e-06 20
1755459338789 2.3600304477155657e-06 21
1755459340535 2.3600304477155657e-06 22
1755459342245 2.3600304477155657e-06 23
1755459301640 1.8880243581724525e-05 0
