1755459301630 1.2996862389107783e-05 0
1755459303380 1.3010060860502953e-05 1
1755459305091 1.2978858397413465e-05 2
1755459306752 1.2988768598834863e-05 3
1755459308442 1.2992362012401567e-05 4
1755459310164 1.301462641529432e-05 5
1755459311862 1.2981356186563581e-05 6
1755459314148 1.3019778105923965e-05 7
1755459316096 1.2906938886812571e-05 8
1755459317809 1.3009187006624806e-05 9
1755459319491 1.3016756127066336e-05 10
1755459321174 1.2989796152242303e-05 11
1755459322966 1.2942848163634477e-05 12
1755459324721 1.2999200130536792e-05 13
1755459326476 1.2973725224542574e-05 14
1755459328181 1.2983846334334106e-05 15
1755459329969 1.2986262773446405e-05 16
1755459331764 1.2981469651102933e-05 17
1755459333484 1.2983054792771651e-05 18
1755459335180 1.298742176710935e-05 19
1755459336976 1.3003292574507799e-05 20
1755459338782 1.2965425822488084e-05 21
1755459340528 1.2980948577632847e-05 22
1755459342237 1.2985188400855513e-05 23
1755459301630 1.2996862389107783e-05 0
