1755462499463 0.0 0
1755462501806 0.0 1
1755462504016 0.0 2
1755462507267 0.0 3
1755462509887 0.0 4
1755462512184 0.0 5
1755462514349 0.0 6
1755462516487 0.0 7
1755462518655 0.0 8
1755462520994 0.0 9
1755462523189 0.0 10
1755462525380 0.0 11
1755462527587 0.0 12
1755462529851 0.0 13
1755462532002 0.0 14
1755462534449 0.0 15
1755462536733 0.0 16
1755462539003 0.0 17
1755462542090 0.0 18
1755462544369 0.0 19
1755462546603 0.0 20
1755462548840 0.0 21
1755462550996 0.0 22
1755462553280 0.0 23
1755462555533 0.0 24
1755462557691 0.0 25
1755462499463 0.0 0
