1755462499456 0.0001081672946454577 0
1755462501802 0.0001081672946454577 1
1755462504012 0.0001081672946454577 2
1755462507263 0.0001081672946454577 3
1755462509883 0.0001081672946454577 4
1755462512180 0.0001081672946454577 5
1755462514345 5.408364732272885e-05 6
1755462516483 5.408364732272885e-05 7
1755462518651 5.408364732272885e-05 8
1755462520990 5.408364732272885e-05 9
1755462523185 5.408364732272885e-05 10
1755462525377 5.408364732272885e-05 11
1755462527583 2.7041823661364425e-05 12
1755462529847 2.7041823661364425e-05 13
1755462531998 2.7041823661364425e-05 14
1755462534445 2.7041823661364425e-05 15
1755462536729 2.7041823661364425e-05 16
1755462538999 2.7041823661364425e-05 17
1755462542086 1.3520911830682213e-05 18
1755462544365 1.3520911830682213e-05 19
1755462546599 1.3520911830682213e-05 20
1755462548836 1.3520911830682213e-05 21
1755462550992 1.3520911830682213e-05 22
1755462553276 1.3520911830682213e-05 23
1755462555529 6.760455915341106e-06 24
1755462557686 6.760455915341106e-06 25
1755462499456 0.0001081672946454577 0
