1755462499443 1.6877030883643873e-05 0
1755462501792 1.686349543268699e-05 1
1755462504004 1.6873857694608288e-05 2
1755462507255 1.686349900969967e-05 3
1755462509875 1.686345620747978e-05 4
1755462512172 1.6870544353938325e-05 5
1755462514337 1.6844029029855915e-05 6
1755462516474 1.6833903969150063e-05 7
1755462518643 1.6859075618253134e-05 8
1755462520982 1.6843038784017963e-05 9
1755462523176 1.6840671521224848e-05 10
1755462525368 1.6859965548824372e-05 11
1755462527575 1.6859102333410692e-05 12
1755462529839 1.6852130061074653e-05 13
1755462531990 1.6849505286350346e-05 14
1755462534437 1.685516904017477e-05 15
1755462536718 1.6834949459295316e-05 16
1755462538991 1.6839202370457505e-05 17
1755462542076 1.685127103333438e-05 18
1755462544357 1.6851026774040272e-05 19
1755462546587 1.6844660307130083e-05 20
1755462548827 1.6836303772864054e-05 21
1755462550983 1.6853598440270665e-05 22
1755462553267 1.6843630137473056e-05 23
1755462555519 1.684184566089483e-05 24
1755462557678 1.6840264741224197e-05 25
1755462499443 1.6877030883643873e-05 0
