1755465120688 0.0004363306257631031 0
1755465121396 0.0004363306257631031 1
1755465122107 0.0004363306257631031 2
1755465122809 0.0004363306257631031 3
1755465123536 0.0004363306257631031 4
1755465124320 0.0004363306257631031 5
1755465125106 0.0004363306257631031 6
1755465125856 0.0004363306257631031 7
1755465126603 0.0004363306257631031 8
1755465127342 0.0004363306257631031 9
1755465128088 0.0004363306257631031 10
1755465128791 0.00021816531288155154 11
1755465129537 0.00021816531288155154 12
1755465130247 0.00021816531288155154 13
1755465130962 0.00021816531288155154 14
1755465131689 0.00021816531288155154 15
1755465132413 0.00021816531288155154 16
1755465133116 0.00010908265644077577 17
1755465134442 0.00010908265644077577 18
1755465135674 0.00010908265644077577 19
1755465136525 0.00010908265644077577 20
1755465120688 0.0004363306257631031 0
