1755465120675 3.051998868034236e-05 0
1755465121388 1.1491609522668477e-05 1
1755465122098 1.1469247112424366e-05 2
1755465122800 1.1388374425014182e-05 3
1755465123528 1.1342801070115085e-05 4
1755465124311 1.1231221930024449e-05 5
1755465125098 1.1345989611652084e-05 6
1755465125848 1.130273764740791e-05 7
1755465126592 1.1365040356507865e-05 8
1755465127333 1.1280882191925157e-05 9
1755465128079 1.1342152954532252e-05 10
1755465128782 1.134914992263451e-05 11
1755465129529 1.1207642297948653e-05 12
1755465130239 1.1288351948372761e-05 13
1755465130953 1.1286787907236237e-05 14
1755465131680 1.1302861922212713e-05 15
1755465132405 1.12082679135984e-05 16
1755465133107 1.1290032056728054e-05 17
1755465134428 1.121578478267642e-05 18
1755465135665 1.1270347422235326e-05 19
1755465136516 1.1190983598608321e-05 20
1755465120675 3.051998868034236e-05 0
