1755265502859 0.001 0
1755265507740 0.001 1
1755265513156 0.001 2
1755265518788 0.001 3
1755265523832 0.001 4
1755265529246 0.001 5
1755265534239 0.001 6
1755265539258 0.001 7
1755265543985 0.001 8
1755265548704 0.001 9
1755265553307 0.001 10
1755265558281 0.001 11
1755265563391 0.001 12
1755265568026 0.001 13
1755265572923 0.001 14
1755265578265 0.0005 15
1755265582972 0.0005 16
1755265588020 0.0005 17
1755265592713 0.0005 18
1755265597310 0.0005 19
1755265602116 0.0005 20
1755265606957 0.00025 21
1755265502859 0.001 0
