1755265502859 0.00017589264515188613 0
1755265507740 3.9640754794155224e-05 1
1755265513156 3.9429728507889964e-05 2
1755265518788 3.9404688100368335e-05 3
1755265523832 3.939967436905308e-05 4
1755265529246 3.940964404229076e-05 5
1755265534239 3.956406082435374e-05 6
1755265539258 3.9595234833882906e-05 7
1755265543985 3.940172931471106e-05 8
1755265548704 3.938061738706083e-05 9
1755265553307 3.942974734446209e-05 10
1755265558281 3.9503992006065194e-05 11
1755265563391 3.9400512230890925e-05 12
1755265568026 3.947440608662492e-05 13
1755265572923 3.9415240782094866e-05 14
1755265578265 3.938114793213128e-05 15
1755265582972 3.921283127041162e-05 16
1755265588020 3.9214177992462424e-05 17
1755265592713 3.927622293629838e-05 18
1755265597310 3.922971435445616e-05 19
1755265602116 3.926610898130208e-05 20
1755265606957 3.9178128480303866e-05 21
1755265502859 0.00017589264515188613 0
