1755464967659 0.0009333999715212152 0
1755464968375 0.0009333999715212152 1
1755464969107 0.0009333999715212152 2
1755464969820 0.0009333999715212152 3
1755464970581 0.0009333999715212152 4
1755464971286 0.0009333999715212152 5
1755464971982 0.0009333999715212152 6
1755464972658 0.0009333999715212152 7
1755464973340 0.0009333999715212152 8
1755464974031 0.0009333999715212152 9
1755464974734 0.0009333999715212152 10
1755464975443 0.0009333999715212152 11
1755464976160 0.0009333999715212152 12
1755464976901 0.0009333999715212152 13
1755464977649 0.0009333999715212152 14
1755464978408 0.0009333999715212152 15
1755464979098 0.0009333999715212152 16
1755464979802 0.0004666999857606076 17
1755464980533 0.0004666999857606076 18
1755464981216 0.0004666999857606076 19
1755464981929 0.0004666999857606076 20
1755464982617 0.0004666999857606076 21
1755464967659 0.0009333999715212152 0
