1755464967645 3.8094502329374086e-05 0
1755464968366 1.1283946601520457e-05 1
1755464969098 1.1292805430030943e-05 2
1755464969811 1.1313105762254425e-05 3
1755464970572 1.152548542755797e-05 4
1755464971278 1.1465892058907157e-05 5
1755464971974 6.959169145093497e-05 6
1755464972649 1.2049600619457526e-05 7
1755464973332 1.1849427684977758e-05 8
1755464974022 1.1489644760580937e-05 9
1755464974725 1.1416780246457495e-05 10
1755464975434 5.531650720561718e-05 11
1755464976151 1.3182854829725667e-05 12
1755464976892 1.1454953636554409e-05 13
1755464977640 1.1334061389434846e-05 14
1755464978399 1.138957766235875e-05 15
1755464979088 1.1443967240368298e-05 16
1755464979793 1.1446296476421103e-05 17
1755464980525 1.1288206574095741e-05 18
1755464981208 1.1340750030784577e-05 19
1755464981919 1.1318555732185033e-05 20
1755464982609 1.1289723868814319e-05 21
1755464967645 3.8094502329374086e-05 0
