1755464709602 0.0 0
1755464710923 0.0 1
1755464712307 0.0 2
1755464713636 0.0 3
1755464714950 0.0 4
1755464716278 0.0 5
1755464717701 0.0 6
1755464719047 0.0 7
1755464720475 0.0 8
1755464722109 0.0 9
1755464723460 0.0 10
1755464724705 0.0 11
1755464726005 0.0 12
1755464727392 0.0 13
1755464728718 0.0 14
1755464729967 0.0 15
1755464731169 0.0 16
1755464732402 0.0 17
1755464733681 0.0 18
1755464734962 0.0 19
1755464736237 0.0 20
1755464737587 0.0 21
1755464738907 0.0 22
1755464740302 0.0 23
1755464741590 0.0 24
1755464709602 0.0 0
