1755464709597 0.0008378844922872896 0
1755464710919 0.0008378844922872896 1
1755464712303 0.0008378844922872896 2
1755464713632 0.0008378844922872896 3
1755464714946 0.0008378844922872896 4
1755464716273 0.0008378844922872896 5
1755464717697 0.0008378844922872896 6
1755464719043 0.0004189422461436448 7
1755464720471 0.0004189422461436448 8
1755464722105 0.0004189422461436448 9
1755464723456 0.0004189422461436448 10
1755464724701 0.0004189422461436448 11
1755464726001 0.0004189422461436448 12
1755464727388 0.0002094711230718224 13
1755464728713 0.0002094711230718224 14
1755464729963 0.0002094711230718224 15
1755464731165 0.0002094711230718224 16
1755464732397 0.0002094711230718224 17
1755464733677 0.0002094711230718224 18
1755464734958 0.0001047355615359112 19
1755464736232 0.0001047355615359112 20
1755464737583 0.0001047355615359112 21
1755464738903 0.0001047355615359112 22
1755464740298 0.0001047355615359112 23
1755464741586 0.0001047355615359112 24
1755464709597 0.0008378844922872896 0
