1755464709585 0.0006803694806139381 0
1755464710911 1.6939761709514312e-05 1
1755464712295 1.705957881197034e-05 2
1755464713624 7.216710552675388e-05 3
1755464714937 1.7529985051331473e-05 4
1755464716263 1.72023135802805e-05 5
1755464717688 1.700273677337792e-05 6
1755464719033 1.7114386829767595e-05 7
1755464720462 1.695539978378204e-05 8
1755464722096 1.695474165819082e-05 9
1755464723447 1.6926403864671344e-05 10
1755464724693 1.693010192021106e-05 11
1755464725992 1.6969128766568686e-05 12
1755464727379 1.6918931009467395e-05 13
1755464728705 1.6887780689724258e-05 14
1755464729955 1.688047184806706e-05 15
1755464731156 1.6900817627174547e-05 16
1755464732388 1.6871476717091202e-05 17
1755464733667 1.6884916288246625e-05 18
1755464734950 1.689324763833711e-05 19
1755464736224 1.6859067387077322e-05 20
1755464737574 1.6874372488122877e-05 21
1755464738895 1.689114792558102e-05 22
1755464740287 1.686227499659746e-05 23
1755464741577 1.6851991924965863e-05 24
1755464709585 0.0006803694806139381 0
