1755459354113 1.8880243581724525e-05 0
1755459357561 1.8880243581724525e-05 1
1755459360778 1.8880243581724525e-05 2
1755459363963 1.8880243581724525e-05 3
1755459367004 1.8880243581724525e-05 4
1755459370175 1.8880243581724525e-05 5
1755459373117 1.8880243581724525e-05 6
1755459376281 9.440121790862263e-06 7
1755459379271 9.440121790862263e-06 8
1755459382249 9.440121790862263e-06 9
1755459386405 9.440121790862263e-06 10
1755459389654 9.440121790862263e-06 11
1755459354113 1.8880243581724525e-05 0
