1755459354101 1.0221992908131339e-05 0
1755459357553 1.0225563774059527e-05 1
1755459360770 1.0210414869169138e-05 2
1755459363955 1.0204663013865095e-05 3
1755459366997 1.0166653915475923e-05 4
1755459370168 1.0224551786281672e-05 5
1755459373110 1.0226342882506649e-05 6
1755459376273 1.0226704861397954e-05 7
1755459379263 1.0217223424807478e-05 8
1755459382241 1.0158640520534447e-05 9
1755459386397 1.0225882437512767e-05 10
1755459389646 1.0215009895397674e-05 11
1755459354101 1.0221992908131339e-05 0
