1755454676315 0.0 0
1755454677518 0.0 1
1755454678755 0.0 2
1755454679833 0.0 3
1755454680896 0.0 4
1755454681925 0.0 5
1755454683145 0.0 6
1755454684538 0.0 7
1755454685857 0.0 8
1755454686944 0.0 9
1755454687988 0.0 10
1755454689062 0.0 11
1755454690102 0.0 12
1755454691130 0.0 13
1755454692198 0.0 14
1755454693326 0.0 15
1755454694415 0.0 16
1755454695513 0.0 17
1755454696513 0.0 18
1755454697530 0.0 19
1755454698577 0.0 20
1755454699647 0.0 21
1755454700706 0.0 22
1755454701782 0.0 23
1755454676315 0.0 0
