1755454676310 3.8536256902294385e-05 0
1755454677515 3.8536256902294385e-05 1
1755454678751 3.8536256902294385e-05 2
1755454679829 3.8536256902294385e-05 3
1755454680892 3.8536256902294385e-05 4
1755454681922 3.8536256902294385e-05 5
1755454683140 1.9268128451147193e-05 6
1755454684533 1.9268128451147193e-05 7
1755454685854 1.9268128451147193e-05 8
1755454686941 1.9268128451147193e-05 9
1755454687984 1.9268128451147193e-05 10
1755454689058 1.9268128451147193e-05 11
1755454690099 9.634064225573596e-06 12
1755454691126 9.634064225573596e-06 13
1755454692194 9.634064225573596e-06 14
1755454693323 9.634064225573596e-06 15
1755454694411 9.634064225573596e-06 16
1755454695507 9.634064225573596e-06 17
1755454696510 4.817032112786798e-06 18
1755454697526 4.817032112786798e-06 19
1755454698573 4.817032112786798e-06 20
1755454699644 4.817032112786798e-06 21
1755454700702 4.817032112786798e-06 22
1755454701779 4.817032112786798e-06 23
1755454676310 3.8536256902294385e-05 0
