1755454676295 1.290636283053053e-05 0
1755454677508 1.3010107539100448e-05 1
1755454678744 1.299990344705293e-05 2
1755454679823 1.2979379732769303e-05 3
1755454680885 1.2979674055811432e-05 4
1755454681915 1.302306016879941e-05 5
1755454683132 1.2970027571311351e-05 6
1755454684522 1.2949980596691343e-05 7
1755454685847 1.2998520966383304e-05 8
1755454686934 1.301186834926479e-05 9
1755454687977 1.3010106126135465e-05 10
1755454689051 1.3018088383530215e-05 11
1755454690092 1.3012374202909477e-05 12
1755454691119 1.298239823199765e-05 13
1755454692187 1.2986795768808537e-05 14
1755454693316 1.3000397231621719e-05 15
1755454694404 1.2948985487680278e-05 16
1755454695498 1.2964807806627374e-05 17
1755454696503 1.294848989021245e-05 18
1755454697516 1.2886923309045934e-05 19
1755454698565 1.2979557920646454e-05 20
1755454699636 1.2994074507689999e-05 21
1755454700695 1.3015766873942474e-05 22
1755454701772 1.2969385831443755e-05 23
1755454676295 1.290636283053053e-05 0
