1755464991058 3.0077976308508796e-05 0
1755464992027 1.4332449555855847e-05 1
1755464993006 1.443278121020258e-05 2
1755464994060 1.4455679916757029e-05 3
1755464995157 1.4496346439580734e-05 4
1755464996249 1.450808525292172e-05 5
1755464997203 1.4460271679982885e-05 6
1755464998171 1.4592564417291535e-05 7
1755464999105 1.4341523766394377e-05 8
1755465000208 1.4386959385185892e-05 9
1755465001348 1.4358578108144952e-05 10
1755465002505 1.4366154287285206e-05 11
1755464991058 3.0077976308508796e-05 0
