1755464322688 2.8210351120557755e-05 0
1755464327031 2.8210351120557755e-05 1
1755464331328 2.8210351120557755e-05 2
1755464335603 2.8210351120557755e-05 3
1755464339940 2.8210351120557755e-05 4
1755464344247 2.8210351120557755e-05 5
1755464348526 1.4105175560278877e-05 6
1755464353650 1.4105175560278877e-05 7
1755464357996 1.4105175560278877e-05 8
1755464362320 1.4105175560278877e-05 9
1755464366771 1.4105175560278877e-05 10
1755464371154 1.4105175560278877e-05 11
1755464375537 7.052587780139439e-06 12
1755464322688 2.8210351120557755e-05 0
