1755464322675 1.4254817629347707e-05 0
1755464327022 1.4241258114613148e-05 1
1755464331320 1.4206377952231218e-05 2
1755464335595 1.425791796303683e-05 3
1755464339932 1.4229622229322558e-05 4
1755464344239 1.4257172380680191e-05 5
1755464348518 1.4260788590464097e-05 6
1755464353642 1.4219256859980626e-05 7
1755464357987 1.4248741568093571e-05 8
1755464362312 1.4269235966554227e-05 9
1755464366761 1.4233106326976079e-05 10
1755464371146 1.4255936826777864e-05 11
1755464375528 1.4256598556397982e-05 12
1755464322675 1.4254817629347707e-05 0
