1755461728949 0.0 0
1755461730713 0.0 1
1755461732483 0.0 2
1755461734104 0.0 3
1755461735668 0.0 4
1755461737249 0.0 5
1755461738940 0.0 6
1755461740531 0.0 7
1755461742116 0.0 8
1755461743605 0.0 9
1755461745246 0.0 10
1755461747034 0.0 11
1755461748702 0.0 12
1755461750318 0.0 13
1755461751905 0.0 14
1755461753637 0.0 15
1755461755312 0.0 16
1755461756826 0.0 17
1755461758308 0.0 18
1755461759917 0.0 19
1755461761593 0.0 20
1755461763967 0.0 21
1755461765532 0.0 22
1755461767091 0.0 23
1755461768796 0.0 24
1755461770526 0.0 25
1755461728949 0.0 0
