1755461728940 1.7824503100969987e-05 0
1755461730709 1.7824503100969987e-05 1
1755461732478 1.7824503100969987e-05 2
1755461734100 1.7824503100969987e-05 3
1755461735664 1.7824503100969987e-05 4
1755461737245 1.7824503100969987e-05 5
1755461738936 1.7824503100969987e-05 6
1755461740527 8.912251550484993e-06 7
1755461742112 8.912251550484993e-06 8
1755461743600 8.912251550484993e-06 9
1755461745240 8.912251550484993e-06 10
1755461747029 8.912251550484993e-06 11
1755461748698 8.912251550484993e-06 12
1755461750314 4.456125775242497e-06 13
1755461751900 4.456125775242497e-06 14
1755461753633 4.456125775242497e-06 15
1755461755308 4.456125775242497e-06 16
1755461756822 4.456125775242497e-06 17
1755461758304 4.456125775242497e-06 18
1755461759913 2.2280628876212483e-06 19
1755461761588 2.2280628876212483e-06 20
1755461763963 2.2280628876212483e-06 21
1755461765528 2.2280628876212483e-06 22
1755461767087 2.2280628876212483e-06 23
1755461768791 2.2280628876212483e-06 24
1755461770522 1.1140314438106242e-06 25
1755461728940 1.7824503100969987e-05 0
