1755461728916 1.807365472647599e-05 0
1755461730700 1.808659400031617e-05 1
1755461732469 1.8085892899992832e-05 2
1755461734092 1.8082426236041627e-05 3
1755461735656 1.806729708310023e-05 4
1755461737236 1.8088382065298632e-05 5
1755461738927 1.808578702392123e-05 6
1755461740518 1.8083897426985344e-05 7
1755461742104 1.8085365425090267e-05 8
1755461743592 1.8083050573731156e-05 9
1755461745224 1.8077642995246003e-05 10
1755461747020 1.8092129311567783e-05 11
1755461748689 1.8085213657965578e-05 12
1755461750305 1.8090849521222097e-05 13
1755461751891 1.8086499715498344e-05 14
1755461753624 1.8088716778563563e-05 15
1755461755299 1.8080072085864794e-05 16
1755461756814 1.8079120226003128e-05 17
1755461758295 1.8088731352895915e-05 18
1755461759903 1.8088694921868703e-05 19
1755461761577 1.8083714852328854e-05 20
1755461763954 1.8059167977823987e-05 21
1755461765518 1.80864946796518e-05 22
1755461767078 1.8052117690183902e-05 23
1755461768782 1.8076840984243793e-05 24
1755461770512 1.808573492812876e-05 25
1755461728916 1.807365472647599e-05 0
