1755467119803 9.271555169008299e-05 0
1755467121169 9.271555169008299e-05 1
1755467122198 9.271555169008299e-05 2
1755467123272 9.271555169008299e-05 3
1755467124321 9.271555169008299e-05 4
1755467125403 9.271555169008299e-05 5
1755467126455 9.271555169008299e-05 6
1755467127488 9.271555169008299e-05 7
1755467128584 9.271555169008299e-05 8
1755467129644 9.271555169008299e-05 9
1755467130681 9.271555169008299e-05 10
1755467131819 9.271555169008299e-05 11
1755467132881 9.271555169008299e-05 12
1755467133943 9.271555169008299e-05 13
1755467135063 9.271555169008299e-05 14
1755467136200 4.6357775845041495e-05 15
1755467137243 4.6357775845041495e-05 16
1755467138348 4.6357775845041495e-05 17
1755467139345 4.6357775845041495e-05 18
1755467140376 4.6357775845041495e-05 19
1755467119803 9.271555169008299e-05 0
