1755467119774 3.386853742781301e-05 0
1755467121159 3.38286053353359e-05 1
1755467122188 3.3821112623734415e-05 2
1755467123263 3.383669277622282e-05 3
1755467124309 3.3867376784174295e-05 4
1755467125394 3.38127590058481e-05 5
1755467126446 3.3784670385477294e-05 6
1755467127479 3.385101954871275e-05 7
1755467128575 3.383487115463461e-05 8
1755467129634 3.3862923058169303e-05 9
1755467130672 3.3853925657133324e-05 10
1755467131809 3.385769585507018e-05 11
1755467132870 3.384843823690008e-05 12
1755467133933 3.38450926980894e-05 13
1755467135052 3.380705973754897e-05 14
1755467136190 3.3846694468058344e-05 15
1755467137233 3.380137862704407e-05 16
1755467138337 3.382912858368774e-05 17
1755467139332 3.38189950258204e-05 18
1755467140366 3.383518333601601e-05 19
1755467119774 3.386853742781301e-05 0
