1755462462029 0.0001081672946454577 0
1755462463726 0.0001081672946454577 1
1755462465489 0.0001081672946454577 2
1755462467229 0.0001081672946454577 3
1755462469018 0.0001081672946454577 4
1755462470883 0.0001081672946454577 5
1755462473467 0.0001081672946454577 6
1755462475163 5.408364732272885e-05 7
1755462477003 5.408364732272885e-05 8
1755462479009 5.408364732272885e-05 9
1755462480935 5.408364732272885e-05 10
1755462482599 5.408364732272885e-05 11
1755462484233 5.408364732272885e-05 12
1755462485924 2.7041823661364425e-05 13
1755462487867 2.7041823661364425e-05 14
1755462489533 2.7041823661364425e-05 15
1755462491082 2.7041823661364425e-05 16
1755462462029 0.0001081672946454577 0
