1755462462015 1.4267447109524413e-05 0
1755462463717 1.4255597216372967e-05 1
1755462465481 1.4261503824361606e-05 2
1755462467218 1.4270431912440807e-05 3
1755462469010 1.4231300698860827e-05 4
1755462470874 1.4244615119858286e-05 5
1755462473459 1.4260077063216405e-05 6
1755462475155 1.4252081476587646e-05 7
1755462476994 1.4253697155251819e-05 8
1755462479001 1.4250876346098925e-05 9
1755462480927 1.4229828389634189e-05 10
1755462482589 1.4250684958141634e-05 11
1755462484224 1.4247422595312094e-05 12
1755462485915 1.4243032452384508e-05 13
1755462487858 1.423675299824309e-05 14
1755462489524 1.4236532001699118e-05 15
1755462491073 1.4238422146394164e-05 16
1755462462015 1.4267447109524413e-05 0
