1755465295779 0.0 0
1755465297737 0.0 1
1755465299720 0.0 2
1755465301737 0.0 3
1755465303629 0.0 4
1755465305567 0.0 5
1755465307473 0.0 6
1755465309417 0.0 7
1755465311326 0.0 8
1755465313232 0.0 9
1755465315191 0.0 10
1755465317155 0.0 11
1755465319040 0.0 12
1755465321477 0.0 13
1755465323474 0.0 14
1755465325459 0.0 15
1755465327356 0.0 16
1755465329293 0.0 17
1755465331286 0.0 18
1755465333239 0.0 19
1755465335233 0.0 20
1755465337205 0.0 21
1755465339228 0.0 22
1755465341170 0.0 23
1755465295779 0.0 0
