1755465295770 0.0005382440457412134 0
1755465297733 0.0005382440457412134 1
1755465299716 0.0005382440457412134 2
1755465301733 0.0005382440457412134 3
1755465303625 0.0005382440457412134 4
1755465305563 0.0005382440457412134 5
1755465307469 0.0005382440457412134 6
1755465309413 0.0005382440457412134 7
1755465311322 0.0005382440457412134 8
1755465313228 0.0005382440457412134 9
1755465315187 0.0002691220228706067 10
1755465317151 0.0002691220228706067 11
1755465319036 0.0002691220228706067 12
1755465321470 0.0002691220228706067 13
1755465323470 0.0002691220228706067 14
1755465325455 0.0002691220228706067 15
1755465327352 0.0002691220228706067 16
1755465329288 0.0002691220228706067 17
1755465331282 0.0002691220228706067 18
1755465333235 0.00013456101143530336 19
1755465335228 0.00013456101143530336 20
1755465337200 0.00013456101143530336 21
1755465339223 0.00013456101143530336 22
1755465341166 0.00013456101143530336 23
1755465295770 0.0005382440457412134 0
