1755465295756 1.1655122299226098e-05 0
1755465297725 1.1381579413027472e-05 1
1755465299707 1.1392655951809034e-05 2
1755465301725 1.1377828165911194e-05 3
1755465303616 1.136239333656736e-05 4
1755465305555 1.1402615208543973e-05 5
1755465307460 1.1373227169041561e-05 6
1755465309404 1.1360309567500526e-05 7
1755465311313 1.127749538255533e-05 8
1755465313219 1.1383542995991348e-05 9
1755465315178 1.1360940398659713e-05 10
1755465317142 1.1303670615926478e-05 11
1755465319028 1.1293035306828972e-05 12
1755465321452 1.1295530734929118e-05 13
1755465323462 1.1293571687365812e-05 14
1755465325446 1.1316234424028524e-05 15
1755465327343 1.1266252454535096e-05 16
1755465329276 1.129947033397139e-05 17
1755465331273 1.1307739932656667e-05 18
1755465333226 1.1321169949951582e-05 19
1755465335217 1.1270073728719097e-05 20
1755465337191 1.127142582941992e-05 21
1755465339214 1.1249954249114633e-05 22
1755465341157 1.1276898826468598e-05 23
1755465295756 1.1655122299226098e-05 0
