1755459487366 1.8880243581724525e-05 0
1755459494220 1.8880243581724525e-05 1
1755459499949 1.8880243581724525e-05 2
1755459505601 1.8880243581724525e-05 3
1755459511453 1.8880243581724525e-05 4
1755459517351 1.8880243581724525e-05 5
1755459523413 1.8880243581724525e-05 6
1755459530419 9.440121790862263e-06 7
1755459536044 9.440121790862263e-06 8
1755459541753 9.440121790862263e-06 9
1755459547428 9.440121790862263e-06 10
1755459553201 9.440121790862263e-06 11
1755459487366 1.8880243581724525e-05 0
