1755459487355 1.3216733216992636e-05 0
1755459494212 1.3225366623433668e-05 1
1755459499942 1.3214631370114408e-05 2
1755459505594 1.3209980776771992e-05 3
1755459511445 1.3204119039193636e-05 4
1755459517344 1.3222179198307389e-05 5
1755459523405 1.3207383366594454e-05 6
1755459530412 1.321289728766315e-05 7
1755459536037 1.3220546482413769e-05 8
1755459541746 1.3222040366439774e-05 9
1755459547421 1.322107547001816e-05 10
1755459553193 1.322055800551175e-05 11
1755459487355 1.3216733216992636e-05 0
