1755457017999 5.498901177341162e-05 0
1755457019683 5.498901177341162e-05 1
1755457021274 5.498901177341162e-05 2
1755457022859 5.498901177341162e-05 3
1755457024322 5.498901177341162e-05 4
1755457025809 5.498901177341162e-05 5
1755457027369 5.498901177341162e-05 6
1755457028894 5.498901177341162e-05 7
1755457030401 2.749450588670581e-05 8
1755457031904 2.749450588670581e-05 9
1755457033582 2.749450588670581e-05 10
1755457035150 2.749450588670581e-05 11
1755457037585 2.749450588670581e-05 12
1755457039111 2.749450588670581e-05 13
1755457017999 5.498901177341162e-05 0
