1755457017985 1.3208798710297842e-05 0
1755457019676 1.3238485695134965e-05 1
1755457021267 1.3227119233013959e-05 2
1755457022851 1.3193496057275469e-05 3
1755457024315 1.320490950060737e-05 4
1755457025801 1.321325149018323e-05 5
1755457027361 1.3192176871269809e-05 6
1755457028887 1.3233071986018138e-05 7
1755457030394 1.3241673836660585e-05 8
1755457031897 1.3231543788514207e-05 9
1755457033574 1.3216652261153006e-05 10
1755457035142 1.3228785892071419e-05 11
1755457037578 1.321051003075372e-05 12
1755457039104 1.3198808231525634e-05 13
1755457017985 1.3208798710297842e-05 0
