1754817925032 0.001 0
1754817933215 0.001 1
1754817941791 0.001 2
1754817950725 0.001 3
1754817959583 0.001 4
1754817968149 0.001 5
1754817977278 0.001 6
1754817986289 0.001 7
1754817995242 0.001 8
1754818003813 0.001 9
1754818013253 0.001 10
1754818023067 0.001 11
1754818031654 0.001 12
1754818040052 0.001 13
1754818048760 0.001 14
1754818057648 0.001 15
1754818067195 0.001 16
1754818076684 0.001 17
1754818085982 0.001 18
1754818094383 0.0005 19
1754818102819 0.0005 20
1754818111444 0.0005 21
1754818121247 0.0005 22
1754818130167 0.0005 23
1754817925032 0.001 0
