1754817925032 3.498753942636026e-05 0
1754817933215 1.5267895184388915e-05 1
1754817941791 1.5329023818004506e-05 2
1754817950725 1.5266931875723047e-05 3
1754817959583 1.5287550061799397e-05 4
1754817968149 1.527193469021478e-05 5
1754817977278 1.5269595340777313e-05 6
1754817986289 1.529062058022901e-05 7
1754817995242 1.5269482186060898e-05 8
1754818003813 1.5311992259788125e-05 9
1754818013253 1.5271020042321206e-05 10
1754818023067 1.5287463288364575e-05 11
1754818031654 1.529059937091616e-05 12
1754818040052 1.529958410234867e-05 13
1754818048760 1.529069760627199e-05 14
1754818057648 1.5305467785228813e-05 15
1754818067195 1.530484106557368e-05 16
1754818076684 1.5286697462530776e-05 17
1754818085982 1.527162930751258e-05 18
1754818094383 1.5290242558166272e-05 19
1754818102819 1.5215940145449705e-05 20
1754818111444 1.5203134991306741e-05 21
1754818121247 1.5203205036427528e-05 22
1754818130167 1.5208690426239683e-05 23
1754817925032 3.498753942636026e-05 0
