1755462425574 0.0 0
1755462426850 0.0 1
1755462428034 0.0 2
1755462429166 0.0 3
1755462430285 0.0 4
1755462431421 0.0 5
1755462432624 0.0 6
1755462433859 0.0 7
1755462435083 0.0 8
1755462436600 0.0 9
1755462438468 0.0 10
1755462439698 0.0 11
1755462440911 0.0 12
1755462442243 0.0 13
1755462443456 0.0 14
1755462444628 0.0 15
1755462445804 0.0 16
1755462446955 0.0 17
1755462448106 0.0 18
1755462449353 0.0 19
1755462450499 0.0 20
1755462451665 0.0 21
1755462452868 0.0 22
1755462454089 0.0 23
1755462425574 0.0 0
