1755462425569 0.0001081672946454577 0
1755462426846 0.0001081672946454577 1
1755462428030 0.0001081672946454577 2
1755462429162 0.0001081672946454577 3
1755462430281 0.0001081672946454577 4
1755462431417 0.0001081672946454577 5
1755462432620 0.0001081672946454577 6
1755462433855 0.0001081672946454577 7
1755462435079 0.0001081672946454577 8
1755462436586 0.0001081672946454577 9
1755462438464 0.0001081672946454577 10
1755462439694 5.408364732272885e-05 11
1755462440907 5.408364732272885e-05 12
1755462442239 5.408364732272885e-05 13
1755462443452 5.408364732272885e-05 14
1755462444624 5.408364732272885e-05 15
1755462445800 5.408364732272885e-05 16
1755462446951 2.7041823661364425e-05 17
1755462448101 2.7041823661364425e-05 18
1755462449349 2.7041823661364425e-05 19
1755462450495 2.7041823661364425e-05 20
1755462451660 2.7041823661364425e-05 21
1755462452864 2.7041823661364425e-05 22
1755462454084 1.3520911830682213e-05 23
1755462425569 0.0001081672946454577 0
