1755462425555 1.1285676322610515e-05 0
1755462426838 1.1275318659910524e-05 1
1755462428022 1.1250708993896545e-05 2
1755462429154 1.1170567251482141e-05 3
1755462430273 1.1264994747110165e-05 4
1755462431409 1.1259651067330277e-05 5
1755462432612 1.1244508684800504e-05 6
1755462433846 1.1277385141535477e-05 7
1755462435071 1.1283820857841467e-05 8
1755462436559 1.1241011435207339e-05 9
1755462438455 1.1202111462469765e-05 10
1755462439685 1.1246639063458648e-05 11
1755462440899 1.126271003504854e-05 12
1755462442230 1.1130268041267454e-05 13
1755462443443 1.127063564653914e-05 14
1755462444616 1.11965047385115e-05 15
1755462445791 1.1276154259173857e-05 16
1755462446943 1.1252022079890466e-05 17
1755462448093 1.124860334061649e-05 18
1755462449338 1.1265057441879894e-05 19
1755462450487 1.1254702924180388e-05 20
1755462451651 1.123582346715808e-05 21
1755462452855 1.125257384638137e-05 22
1755462454072 1.126405726431867e-05 23
1755462425555 1.1285676322610515e-05 0
