1755464824151 0.0008969636818426605 0
1755464824582 0.0008969636818426605 1
1755464824979 0.0008969636818426605 2
1755464825399 0.0008969636818426605 3
1755464825802 0.0008969636818426605 4
1755464826194 0.0008969636818426605 5
1755464826613 0.00044848184092133027 6
1755464827021 0.00044848184092133027 7
1755464827418 0.00044848184092133027 8
1755464827827 0.00044848184092133027 9
1755464828288 0.00044848184092133027 10
1755464829129 0.00044848184092133027 11
1755464829874 0.00022424092046066513 12
1755464830315 0.00022424092046066513 13
1755464830763 0.00022424092046066513 14
1755464831194 0.00022424092046066513 15
1755464831638 0.00022424092046066513 16
1755464824151 0.0008969636818426605 0
