1755464824120 9.463897400304891e-05 0
1755464824573 1.4921777059433744e-05 1
1755464824971 1.4936452641580087e-05 2
1755464825391 1.491160209557815e-05 3
1755464825793 1.5062259519384367e-05 4
1755464826185 1.4954320688177955e-05 5
1755464826604 1.5028138656297025e-05 6
1755464827013 1.4912806826876996e-05 7
1755464827409 1.4985391609505833e-05 8
1755464827817 1.4941602476678132e-05 9
1755464828266 1.5000115110654275e-05 10
1755464829107 1.4993460695222893e-05 11
1755464829848 1.5025835604579438e-05 12
1755464830306 1.499653884755909e-05 13
1755464830754 1.4886926944005349e-05 14
1755464831185 1.496797208996473e-05 15
1755464831630 1.4868194252163189e-05 16
1755464824120 9.463897400304891e-05 0
