1755958068873 1.3810478163777145e-05 0
1755958069852 1.3787307374868981e-05 1
1755958070926 1.3851410089290124e-05 2
1755958071904 1.3848227395766759e-05 3
1755958072911 1.385104844868648e-05 4
1755958073843 1.3855062913934511e-05 5
1755958074804 1.383946577855723e-05 6
1755958075808 1.3844956190108105e-05 7
1755958076853 1.3812760637780984e-05 8
1755958077946 1.384451634682436e-05 9
1755958079229 1.3853020918093801e-05 10
1755958080223 1.3840930394996199e-05 11
1755958081258 1.3850699036350017e-05 12
1755958082284 1.3854669618478687e-05 13
1755958083321 1.3842877770113729e-05 14
1755958084351 1.3847702132075139e-05 15
1755958085316 1.385095743544076e-05 16
1755958086327 1.3827040974563982e-05 17
1755958087334 1.3834536120401293e-05 18
1755958068873 1.3810478163777145e-05 0
