1755260411444 0.001 0
1755260412951 0.001 1
1755260414657 0.001 2
1755260416337 0.001 3
1755260417951 0.001 4
1755260419473 0.001 5
1755260421089 0.001 6
1755260422607 0.001 7
1755260424470 0.001 8
1755260426511 0.001 9
1755260428462 0.001 10
1755260430154 0.001 11
1755260431683 0.001 12
1755260433173 0.001 13
1755260434771 0.001 14
1755260436342 0.001 15
1755260438144 0.001 16
1755260439683 0.001 17
1755260441279 0.001 18
1755260442769 0.001 19
1755260444257 0.001 20
1755260445826 0.001 21
1755260447412 0.001 22
1755260449063 0.001 23
1755260450510 0.001 24
1755260451992 0.001 25
1755260453575 0.001 26
1755260455118 0.001 27
1755260456584 0.001 28
1755260457995 0.0005 29
1755260459467 0.0005 30
1755260460962 0.0005 31
1755260462707 0.0005 32
1755260464236 0.0005 33
1755260411444 0.001 0
