1755260411444 0.0003569511506066192 0
1755260412951 3.4987735400338555e-05 1
1755260414657 2.137622052032384e-05 2
1755260416337 1.764422264386667e-05 3
1755260417951 1.6114963270107788e-05 4
1755260419473 1.5594489452471154e-05 5
1755260421089 1.5376408269326525e-05 6
1755260422607 1.5241925801395458e-05 7
1755260424470 1.5195859501141564e-05 8
1755260426511 1.5152555595502942e-05 9
1755260428462 1.5150778422644686e-05 10
1755260430154 1.5106491216809244e-05 11
1755260431683 1.533352395805802e-05 12
1755260433173 1.507960290837218e-05 13
1755260434771 1.5211126570243829e-05 14
1755260436342 1.5086304649432552e-05 15
1755260438144 1.5124011887463793e-05 16
1755260439683 1.5115649527312295e-05 17
1755260441279 1.5156041764486064e-05 18
1755260442769 1.5220182057318097e-05 19
1755260444257 1.5148656412849152e-05 20
1755260445826 1.5225482085144095e-05 21
1755260447412 1.5134940646627607e-05 22
1755260449063 1.510951824255042e-05 23
1755260450510 1.5105594611668494e-05 24
1755260451992 1.5119664797869822e-05 25
1755260453575 1.5129913783514187e-05 26
1755260455118 1.5168109150383518e-05 27
1755260456584 1.5088915971419839e-05 28
1755260457995 1.53196246851116e-05 29
1755260459467 1.4968742883259741e-05 30
1755260460962 1.5138231528908363e-05 31
1755260462707 1.5011932284525958e-05 32
1755260464236 1.5007925812824396e-05 33
1755260411444 0.0003569511506066192 0
