1755457047974 0.0 0
1755457049800 0.0 1
1755457051608 0.0 2
1755457053562 0.0 3
1755457055465 0.0 4
1755457057328 0.0 5
1755457059097 0.0 6
1755457060974 0.0 7
1755457062872 0.0 8
1755457064855 0.0 9
1755457066796 0.0 10
1755457068964 0.0 11
1755457071760 0.0 12
1755457073689 0.0 13
1755457075698 0.0 14
1755457077773 0.0 15
1755457079916 0.0 16
1755457081844 0.0 17
1755457083731 0.0 18
1755457085945 0.0 19
1755457088307 0.0 20
1755457090297 0.0 21
1755457092214 0.0 22
1755457094080 0.0 23
1755457096032 0.0 24
1755457097901 0.0 25
1755457099799 0.0 26
1755457101844 0.0 27
1755457047974 0.0 0
