1755457047969 5.498901177341162e-05 0
1755457049797 5.498901177341162e-05 1
1755457051605 5.498901177341162e-05 2
1755457053559 5.498901177341162e-05 3
1755457055461 5.498901177341162e-05 4
1755457057325 5.498901177341162e-05 5
1755457059093 5.498901177341162e-05 6
1755457060971 2.749450588670581e-05 7
1755457062869 2.749450588670581e-05 8
1755457064851 2.749450588670581e-05 9
1755457066792 2.749450588670581e-05 10
1755457068959 2.749450588670581e-05 11
1755457071756 2.749450588670581e-05 12
1755457073685 1.3747252943352904e-05 13
1755457075695 1.3747252943352904e-05 14
1755457077769 1.3747252943352904e-05 15
1755457079912 1.3747252943352904e-05 16
1755457081840 1.3747252943352904e-05 17
1755457083726 1.3747252943352904e-05 18
1755457085941 6.873626471676452e-06 19
1755457088303 6.873626471676452e-06 20
1755457090293 6.873626471676452e-06 21
1755457092211 6.873626471676452e-06 22
1755457094076 6.873626471676452e-06 23
1755457096029 6.873626471676452e-06 24
1755457097897 3.436813235838226e-06 25
1755457099793 3.436813235838226e-06 26
1755457101840 3.436813235838226e-06 27
1755457047969 5.498901177341162e-05 0
