1755457047958 1.3249315032572015e-05 0
1755457049790 1.323907498849173e-05 1
1755457051598 1.3236271921017197e-05 2
1755457053552 1.3244514562616195e-05 3
1755457055454 1.3242211992638006e-05 4
1755457057317 1.3241672097048111e-05 5
1755457059086 1.3211785337364451e-05 6
1755457060963 1.3244958517723615e-05 7
1755457062861 1.3234726886469322e-05 8
1755457064844 1.3230786023509417e-05 9
1755457066784 1.3227002238931112e-05 10
1755457068951 1.3235528319430006e-05 11
1755457071749 1.3236444427183043e-05 12
1755457073678 1.3227116502209137e-05 13
1755457075687 1.3225353694919327e-05 14
1755457077761 1.3237311742466799e-05 15
1755457079904 1.3237091314897017e-05 16
1755457081833 1.323676875331394e-05 17
1755457083717 1.3233193556862063e-05 18
1755457085934 1.3234104686412587e-05 19
1755457088295 1.3232821195640393e-05 20
1755457090285 1.3233077067883974e-05 21
1755457092203 1.3234286678223878e-05 22
1755457094068 1.323328380659776e-05 23
1755457096021 1.3230465226474158e-05 24
1755457097889 1.3236165111432546e-05 25
1755457099781 1.3232805149784045e-05 26
1755457101832 1.323709912246069e-05 27
1755457047958 1.3249315032572015e-05 0
