1755458034173 3.0035621080837923e-05 0
1755458037390 3.0035621080837923e-05 1
1755458040569 3.0035621080837923e-05 2
1755458043769 3.0035621080837923e-05 3
1755458046935 3.0035621080837923e-05 4
1755458050156 3.0035621080837923e-05 5
1755458053364 3.0035621080837923e-05 6
1755458056509 1.5017810540418961e-05 7
1755458059726 1.5017810540418961e-05 8
1755458062912 1.5017810540418961e-05 9
1755458066765 1.5017810540418961e-05 10
1755458069921 1.5017810540418961e-05 11
1755458073156 1.5017810540418961e-05 12
1755458076327 7.508905270209481e-06 13
1755458079497 7.508905270209481e-06 14
1755458034173 3.0035621080837923e-05 0
