1755458034158 1.2119331388342235e-05 0
1755458037382 1.2122221583280514e-05 1
1755458040562 1.2122613859045327e-05 2
1755458043758 1.2127216469332994e-05 3
1755458046927 1.2115252146780702e-05 4
1755458050149 1.2096621040815509e-05 5
1755458053356 1.2112996797869152e-05 6
1755458056502 1.2104913265134467e-05 7
1755458059719 1.2113254216969569e-05 8
1755458062905 1.2101695125131621e-05 9
1755458066757 1.2120850771466127e-05 10
1755458069914 1.2119325645150692e-05 11
1755458073149 1.2095922027262585e-05 12
1755458076320 1.2093867080158601e-05 13
1755458079490 1.2120071406731286e-05 14
1755458034158 1.2119331388342235e-05 0
