1755463107885 0.0004854686167633443 0
1755463109706 0.0004854686167633443 1
1755463110627 0.0004854686167633443 2
1755463111713 0.0004854686167633443 3
1755463112702 0.0004854686167633443 4
1755463113780 0.0004854686167633443 5
1755463114640 0.0004854686167633443 6
1755463115517 0.0004854686167633443 7
1755463116397 0.0004854686167633443 8
1755463117243 0.0004854686167633443 9
1755463118138 0.00024273430838167215 10
1755463119043 0.00024273430838167215 11
1755463120032 0.00024273430838167215 12
1755463120983 0.00024273430838167215 13
1755463121866 0.00024273430838167215 14
1755463107885 0.0004854686167633443 0
