1755463107857 1.1545363705948075e-05 0
1755463109697 1.1347314920490174e-05 1
1755463110619 1.1404128386390518e-05 2
1755463111705 1.1309314581881838e-05 3
1755463112694 1.136188294504284e-05 4
1755463113772 1.1365166993584305e-05 5
1755463114632 1.1340853254408915e-05 6
1755463115509 1.1383832501032723e-05 7
1755463116389 1.1363985282289116e-05 8
1755463117234 1.1338022500441401e-05 9
1755463118129 1.1365741162418709e-05 10
1755463119035 1.1259115585221278e-05 11
1755463120023 1.1207694895717468e-05 12
1755463120974 1.1293305627971041e-05 13
1755463121857 1.129618446040405e-05 14
1755463107857 1.1545363705948075e-05 0
