1755464685271 0.0008378844922872896 0
1755464686330 0.0008378844922872896 1
1755464687433 0.0008378844922872896 2
1755464688603 0.0008378844922872896 3
1755464689636 0.0008378844922872896 4
1755464690569 0.0008378844922872896 5
1755464691531 0.0008378844922872896 6
1755464692494 0.0008378844922872896 7
1755464693437 0.0008378844922872896 8
1755464694377 0.0004189422461436448 9
1755464695373 0.0004189422461436448 10
1755464696425 0.0004189422461436448 11
1755464697471 0.0004189422461436448 12
1755464698491 0.0004189422461436448 13
1755464685271 0.0008378844922872896 0
