1755464685258 0.00022684864710326483 0
1755464686321 1.4669768742190654e-05 1
1755464687425 1.4954151316380696e-05 2
1755464688595 1.4557399671342437e-05 3
1755464689628 1.4420242761094842e-05 4
1755464690560 1.4463828098515104e-05 5
1755464691522 1.454006032070217e-05 6
1755464692485 1.4504960689223748e-05 7
1755464693426 1.4472738439508247e-05 8
1755464694368 1.4483057031397681e-05 9
1755464695364 1.4305471415140988e-05 10
1755464696416 1.4324420828201896e-05 11
1755464697463 1.4363072036490742e-05 12
1755464698482 1.4285634466325386e-05 13
1755464685258 0.00022684864710326483 0
