1755455328445 8.234562310084279e-05 0
1755455333875 8.234562310084279e-05 1
1755455339141 8.234562310084279e-05 2
1755455344534 8.234562310084279e-05 3
1755455349890 8.234562310084279e-05 4
1755455356260 8.234562310084279e-05 5
1755455361224 8.234562310084279e-05 6
1755455366512 8.234562310084279e-05 7
1755455371558 8.234562310084279e-05 8
1755455376518 8.234562310084279e-05 9
1755455381816 4.117281155042139e-05 10
1755455386689 4.117281155042139e-05 11
1755455392118 4.117281155042139e-05 12
1755455397241 4.117281155042139e-05 13
1755455402436 4.117281155042139e-05 14
1755455328445 8.234562310084279e-05 0
