1755455328426 1.2139469793599696e-05 0
1755455333867 1.211506570790079e-05 1
1755455339134 1.2133725500186759e-05 2
1755455344527 1.2140188953831144e-05 3
1755455349883 1.2123849928591163e-05 4
1755455356253 1.2009585999453287e-05 5
1755455361217 1.2140053225436068e-05 6
1755455366505 1.2145808681193671e-05 7
1755455371551 1.21456763295147e-05 8
1755455376511 1.2148568242706239e-05 9
1755455381808 1.2133861009889094e-05 10
1755455386682 1.2127668656615772e-05 11
1755455392110 1.2121570351905808e-05 12
1755455397233 1.2119232359551026e-05 13
1755455402428 1.2123004113877088e-05 14
1755455328426 1.2139469793599696e-05 0
