1755461827393 0.0003093476081664604 0
1755461830023 0.0003093476081664604 1
1755461832411 0.0003093476081664604 2
1755461834965 0.0003093476081664604 3
1755461837376 0.0003093476081664604 4
1755461839726 0.0003093476081664604 5
1755461842320 0.0003093476081664604 6
1755461844699 0.0003093476081664604 7
1755461846972 0.0001546738040832302 8
1755461849838 0.0001546738040832302 9
1755461852537 0.0001546738040832302 10
1755461855390 0.0001546738040832302 11
1755461859054 0.0001546738040832302 12
1755461861593 0.0001546738040832302 13
1755461864005 7.73369020416151e-05 14
1755461827393 0.0003093476081664604 0
