1755461827368 1.1419153639785973e-05 0
1755461830015 1.1389338895853658e-05 1
1755461832402 1.1350914737744686e-05 2
1755461834956 1.1351892319292355e-05 3
1755461837368 1.1352833962217247e-05 4
1755461839718 1.1369699889522947e-05 5
1755461842311 1.1365299970462585e-05 6
1755461844690 1.1364891254459555e-05 7
1755461846963 1.1364074682901888e-05 8
1755461849830 1.1302134066883117e-05 9
1755461852529 1.1295251114606156e-05 10
1755461855373 1.1308276375067316e-05 11
1755461859045 1.130466716406056e-05 12
1755461861584 1.129777035657753e-05 13
1755461863996 1.1189550437683086e-05 14
1755461827368 1.1419153639785973e-05 0
