1755456601778 1.2134264510023388e-05 0
1755456602928 1.2134264510023388e-05 1
1755456604566 1.2134264510023388e-05 2
1755456605493 1.2134264510023388e-05 3
1755456606397 1.2134264510023388e-05 4
1755456607305 1.2134264510023388e-05 5
1755456608184 1.2134264510023388e-05 6
1755456609071 1.2134264510023388e-05 7
1755456609988 1.2134264510023388e-05 8
1755456610896 6.067132255011694e-06 9
1755456611806 6.067132255011694e-06 10
1755456612678 6.067132255011694e-06 11
1755456613610 6.067132255011694e-06 12
1755456614545 6.067132255011694e-06 13
1755456615470 6.067132255011694e-06 14
1755456616360 3.033566127505847e-06 15
1755456617282 3.033566127505847e-06 16
1755456618184 3.033566127505847e-06 17
1755456619070 3.033566127505847e-06 18
1755456619973 3.033566127505847e-06 19
1755456601778 1.2134264510023388e-05 0
