1755456601760 1.0240665756301713e-05 0
1755456602905 1.0237496243727978e-05 1
1755456604559 1.0244846361379171e-05 2
1755456605485 1.024146141526619e-05 3
1755456606390 1.0243571008348516e-05 4
1755456607297 1.0239096692822765e-05 5
1755456608176 1.0236993172428513e-05 6
1755456609064 1.0222709409237595e-05 7
1755456609981 1.0234001852403007e-05 8
1755456610889 1.0247349310920015e-05 9
1755456611798 1.0236414168382231e-05 10
1755456612671 1.0239474905792065e-05 11
1755456613602 1.024009497593872e-05 12
1755456614538 1.0239630187927298e-05 13
1755456615462 1.0240592268324948e-05 14
1755456616353 1.0239884480231326e-05 15
1755456617274 1.024479512785241e-05 16
1755456618177 1.0242754893801875e-05 17
1755456619063 1.0241116362634688e-05 18
1755456619965 1.0242558740745443e-05 19
1755456601760 1.0240665756301713e-05 0
