1755463375331 0.00011204832589493713 0
1755463379078 0.00011204832589493713 1
1755463382696 0.00011204832589493713 2
1755463386337 0.00011204832589493713 3
1755463389720 0.00011204832589493713 4
1755463393216 0.00011204832589493713 5
1755463396723 0.00011204832589493713 6
1755463401566 0.00011204832589493713 7
1755463405094 0.00011204832589493713 8
1755463408629 5.6024162947468565e-05 9
1755463411994 5.6024162947468565e-05 10
1755463415492 5.6024162947468565e-05 11
1755463418888 5.6024162947468565e-05 12
1755463422344 5.6024162947468565e-05 13
1755463375331 0.00011204832589493713 0
