1755463375318 1.1296040514469368e-05 0
1755463379068 1.128313851749453e-05 1
1755463382688 1.1284651119113666e-05 2
1755463386328 1.1277238509418613e-05 3
1755463389711 1.1282902018254423e-05 4
1755463393208 1.128222569726453e-05 5
1755463396698 1.128514660550289e-05 6
1755463401558 1.1286771799253378e-05 7
1755463405085 1.1278559556496081e-05 8
1755463408621 1.1276755524064179e-05 9
1755463411986 1.1260697289355576e-05 10
1755463415483 1.1264621082393917e-05 11
1755463418880 1.1256267192612855e-05 12
1755463422336 1.1263595834414197e-05 13
1755463375318 1.1296040514469368e-05 0
