1755458912495 0.0 0
1755458926283 0.0 1
1755458940740 0.0 2
1755458954559 0.0 3
1755458968849 0.0 4
1755458982562 0.0 5
1755458996379 0.0 6
1755459010704 0.0 7
1755459024433 0.0 8
1755459038838 0.0 9
1755459052598 0.0 10
1755459066533 0.0 11
1755459081168 0.0 12
1755459095102 0.0 13
1755459109479 0.0 14
1755459123276 0.0 15
1755459136950 0.0 16
1755459151194 0.0 17
1755459164895 0.0 18
1755459179304 0.0 19
1755459192906 0.0 20
1755459206589 0.0 21
1755459221039 0.0 22
1755459234724 0.0 23
1755459249127 0.0 24
1755459262869 0.0 25
1755459276696 0.0 26
1755459291103 0.0 27
1755458912495 0.0 0
