1755458912490 2.064494709217593e-05 0
1755458926279 2.064494709217593e-05 1
1755458940737 2.064494709217593e-05 2
1755458954556 2.064494709217593e-05 3
1755458968845 2.064494709217593e-05 4
1755458982558 2.064494709217593e-05 5
1755458996374 2.064494709217593e-05 6
1755459010700 2.064494709217593e-05 7
1755459024430 2.064494709217593e-05 8
1755459038833 2.064494709217593e-05 9
1755459052595 2.064494709217593e-05 10
1755459066529 2.064494709217593e-05 11
1755459081162 2.064494709217593e-05 12
1755459095098 2.064494709217593e-05 13
1755459109475 2.064494709217593e-05 14
1755459123272 2.064494709217593e-05 15
1755459136946 1.0322473546087965e-05 16
1755459151190 1.0322473546087965e-05 17
1755459164892 1.0322473546087965e-05 18
1755459179300 1.0322473546087965e-05 19
1755459192902 1.0322473546087965e-05 20
1755459206584 1.0322473546087965e-05 21
1755459221036 5.161236773043982e-06 22
1755459234720 5.161236773043982e-06 23
1755459249122 5.161236773043982e-06 24
1755459262865 5.161236773043982e-06 25
1755459276693 5.161236773043982e-06 26
1755459291098 5.161236773043982e-06 27
1755458912490 2.064494709217593e-05 0
