1755458912473 1.3253483407096108e-05 0
1755458926272 1.3250655667764763e-05 1
1755458940729 1.3249624016054595e-05 2
1755458954548 1.3241086965438095e-05 3
1755458968838 1.3248505346393672e-05 4
1755458982551 1.3204630156639934e-05 5
1755458996354 1.3245909180133062e-05 6
1755459010692 1.3247185238092731e-05 7
1755459024422 1.3225172675668897e-05 8
1755459038822 1.3251867309599247e-05 9
1755459052587 1.324419470602697e-05 10
1755459066522 1.3259299046251933e-05 11
1755459081146 1.3215848814689503e-05 12
1755459095091 1.322311104847777e-05 13
1755459109467 1.3255306826075702e-05 14
1755459123264 1.3246059999056941e-05 15
1755459136939 1.325418022359988e-05 16
1755459151183 1.3248323185993642e-05 17
1755459164884 1.3230741301196672e-05 18
1755459179293 1.3246206398029054e-05 19
1755459192894 1.3227776792789936e-05 20
1755459206571 1.3250991323441248e-05 21
1755459221028 1.3248582956608224e-05 22
1755459234713 1.3237893770443371e-05 23
1755459249110 1.3236435915801348e-05 24
1755459262858 1.3250268145225525e-05 25
1755459276685 1.3250442771416359e-05 26
1755459291086 1.3246209756903668e-05 27
1755458912473 1.3253483407096108e-05 0
