1755260643849 0.001 0
1755260648737 0.001 1
1755260653395 0.001 2
1755260657855 0.001 3
1755260663080 0.001 4
1755260668679 0.001 5
1755260673830 0.001 6
1755260678439 0.001 7
1755260682962 0.001 8
1755260687498 0.0005 9
1755260692575 0.0005 10
1755260697589 0.0005 11
1755260702614 0.0005 12
1755260707396 0.0005 13
1755260712311 0.0005 14
1755260717102 0.00025 15
1755260721728 0.00025 16
1755260726339 0.00025 17
1755260731117 0.00025 18
1755260735863 0.00025 19
1755260740448 0.00025 20
1755260745567 0.00025 21
1755260750688 0.000125 22
1755260755446 0.000125 23
1755260760115 0.000125 24
1755260765283 0.000125 25
1755260770191 0.000125 26
1755260643849 0.001 0
