1755260643849 0.00018365916541142932 0
1755260648737 1.8487716175819025e-05 1
1755260653395 1.8005230878510488e-05 2
1755260657855 1.798938821702374e-05 3
1755260663080 1.8047566401437774e-05 4
1755260668679 1.8088648837571203e-05 5
1755260673830 1.8014177540376207e-05 6
1755260678439 1.8042311606976568e-05 7
1755260682962 1.8096607147523495e-05 8
1755260687498 1.8098108135462317e-05 9
1755260692575 1.7901958911475797e-05 10
1755260697589 1.7915086088537768e-05 11
1755260702614 1.7884555719993945e-05 12
1755260707396 1.790855223528109e-05 13
1755260712311 1.7890261878353092e-05 14
1755260717102 1.7905466634391736e-05 15
1755260721728 1.7842574081289304e-05 16
1755260726339 1.783590255607027e-05 17
1755260731117 1.784750695193443e-05 18
1755260735863 1.7850140128746853e-05 19
1755260740448 1.783566820013685e-05 20
1755260745567 1.7849860224912517e-05 21
1755260750688 1.782624141232868e-05 22
1755260755446 1.7803372970803963e-05 23
1755260760115 1.7790026264976526e-05 24
1755260765283 1.7799156070016123e-05 25
1755260770191 1.7757458065566428e-05 26
1755260643849 0.00018365916541142932 0
