1755958797539 1.65916301249616e-05 0
1755958797963 1.6596053578373707e-05 1
1755958798375 1.659486292387905e-05 2
1755958798941 1.6597375962681747e-05 3
1755958799307 1.6585583748215308e-05 4
1755958799664 1.659628020346505e-05 5
1755958800022 1.659698326385786e-05 6
1755958800388 1.6596075693087186e-05 7
1755958800778 1.6596701467418685e-05 8
1755958801155 1.6581217040276477e-05 9
1755958801542 1.6584959666943178e-05 10
1755958801959 1.6597386897606506e-05 11
1755958802356 1.6595365174837824e-05 12
1755958802714 1.6595169745414752e-05 13
1755958803085 1.6594254604849713e-05 14
1755958803462 1.6595731715194863e-05 15
1755958803855 1.659520596429222e-05 16
1755958804230 1.657868647621049e-05 17
1755958804627 1.6593987556216933e-05 18
1755958805037 1.6594060994416045e-05 19
1755958797539 1.65916301249616e-05 0
