1755465071812 0.0009333999715212152 0
1755465073394 0.0009333999715212152 1
1755465074930 0.0009333999715212152 2
1755465076535 0.0009333999715212152 3
1755465078186 0.0009333999715212152 4
1755465079828 0.0009333999715212152 5
1755465081397 0.0009333999715212152 6
1755465082960 0.0009333999715212152 7
1755465084649 0.0009333999715212152 8
1755465086434 0.0009333999715212152 9
1755465088054 0.0009333999715212152 10
1755465089643 0.0009333999715212152 11
1755465091285 0.0009333999715212152 12
1755465092937 0.0009333999715212152 13
1755465094608 0.0004666999857606076 14
1755465096225 0.0004666999857606076 15
1755465097854 0.0004666999857606076 16
1755465100574 0.0004666999857606076 17
1755465102488 0.0004666999857606076 18
1755465071812 0.0009333999715212152 0
