1755465071800 2.8439982139696465e-05 0
1755465073386 1.9561387031425397e-05 1
1755465074922 1.829477072450073e-05 2
1755465076525 1.843265009406871e-05 3
1755465078177 1.8351979923556403e-05 4
1755465079820 1.839349187334014e-05 5
1755465081389 1.8382597326128977e-05 6
1755465082951 1.8396369120675677e-05 7
1755465084641 1.837490164471604e-05 8
1755465086425 1.8392254217578225e-05 9
1755465088046 1.83646299700753e-05 10
1755465089634 1.833164498466559e-05 11
1755465091276 1.8366183305363554e-05 12
1755465092927 1.839156606794705e-05 13
1755465094598 1.8456330290576608e-05 14
1755465096216 1.818813860500342e-05 15
1755465097845 1.819729952241149e-05 16
1755465100556 1.820452690532273e-05 17
1755465102480 1.8204003276557967e-05 18
1755465071800 2.8439982139696465e-05 0
