1755456316521 7.955439559453043e-05 0
1755456317758 7.955439559453043e-05 1
1755456319091 7.955439559453043e-05 2
1755456320305 7.955439559453043e-05 3
1755456321427 7.955439559453043e-05 4
1755456322592 7.955439559453043e-05 5
1755456323874 7.955439559453043e-05 6
1755456325052 7.955439559453043e-05 7
1755456326192 3.9777197797265216e-05 8
1755456327328 3.9777197797265216e-05 9
1755456328440 3.9777197797265216e-05 10
1755456329580 3.9777197797265216e-05 11
1755456330744 3.9777197797265216e-05 12
1755456316521 7.955439559453043e-05 0
