1755456316510 1.2130691584388841e-05 0
1755456317749 1.2110397855234195e-05 1
1755456319084 1.2111000914421098e-05 2
1755456320298 1.2117153389280088e-05 3
1755456321420 1.2143426813375245e-05 4
1755456322585 1.2125284550112316e-05 5
1755456323866 1.2130681189399398e-05 6
1755456325044 1.21383466407946e-05 7
1755456326185 1.212442292693167e-05 8
1755456327320 1.2092492884488927e-05 9
1755456328433 1.212558218225347e-05 10
1755456329572 1.2128921844123397e-05 11
1755456330737 1.211411044738163e-05 12
1755456316510 1.2130691584388841e-05 0
