1755454993800 0.0 0
1755454995432 0.0 1
1755454997045 0.0 2
1755454998773 0.0 3
1755455000700 0.0 4
1755455002577 0.0 5
1755455004523 0.0 6
1755455006212 0.0 7
1755455007841 0.0 8
1755455009525 0.0 9
1755455011262 0.0 10
1755455013217 0.0 11
1755455014844 0.0 12
1755455016522 0.0 13
1755455018309 0.0 14
1755455019965 0.0 15
1755455022429 0.0 16
1755455024098 0.0 17
1755455025744 0.0 18
1755455027333 0.0 19
1755455028939 0.0 20
1755455030586 0.0 21
1755455032321 0.0 22
1755455033927 0.0 23
1755455035556 0.0 24
1755455037199 0.0 25
1755455038890 0.0 26
1755454993800 0.0 0
