1755454993795 0.0003743700075829035 0
1755454995429 0.0003743700075829035 1
1755454997042 0.0003743700075829035 2
1755454998770 0.0003743700075829035 3
1755455000696 0.0003743700075829035 4
1755455002573 0.0003743700075829035 5
1755455004519 0.0003743700075829035 6
1755455006208 0.0003743700075829035 7
1755455007837 0.0003743700075829035 8
1755455009522 0.0003743700075829035 9
1755455011259 0.0003743700075829035 10
1755455013214 0.0003743700075829035 11
1755455014840 0.00018718500379145175 12
1755455016517 0.00018718500379145175 13
1755455018305 0.00018718500379145175 14
1755455019961 0.00018718500379145175 15
1755455022425 0.00018718500379145175 16
1755455024095 0.00018718500379145175 17
1755455025740 9.359250189572587e-05 18
1755455027329 9.359250189572587e-05 19
1755455028935 9.359250189572587e-05 20
1755455030583 9.359250189572587e-05 21
1755455032317 9.359250189572587e-05 22
1755455033923 9.359250189572587e-05 23
1755455035553 4.679625094786294e-05 24
1755455037196 4.679625094786294e-05 25
1755455038886 4.679625094786294e-05 26
1755454993795 0.0003743700075829035 0
