1755454993784 1.2268550025349695e-05 0
1755454995422 1.2194303714937525e-05 1
1755454997035 1.2199977548816071e-05 2
1755454998762 1.2205085614796725e-05 3
1755455000689 1.221972808292883e-05 4
1755455002566 1.2224034731603109e-05 5
1755455004512 1.2153326758834737e-05 6
1755455006201 1.2186550175636726e-05 7
1755455007830 1.2219927726378313e-05 8
1755455009515 1.220066126814559e-05 9
1755455011251 1.2209693114955907e-05 10
1755455013207 1.2217362692514572e-05 11
1755455014833 1.2205124842774454e-05 12
1755455016510 1.2121463363628743e-05 13
1755455018298 1.2140963608143305e-05 14
1755455019954 1.2161846505959522e-05 15
1755455022416 1.2170202019072295e-05 16
1755455024087 1.2146586535062156e-05 17
1755455025733 1.2177890330884325e-05 18
1755455027322 1.2131598648867272e-05 19
1755455028927 1.2133637432377915e-05 20
1755455030575 1.2133507116499566e-05 21
1755455032310 1.2142704502045543e-05 22
1755455033916 1.213803872200087e-05 23
1755455035545 1.2132261806260324e-05 24
1755455037188 1.2129162983937397e-05 25
1755455038878 1.2117002080124033e-05 26
1755454993784 1.2268550025349695e-05 0
