1755457934385 0.0 0
1755457935815 0.0 1
1755457937250 0.0 2
1755457938723 0.0 3
1755457940194 0.0 4
1755457941659 0.0 5
1755457943093 0.0 6
1755457944529 0.0 7
1755457946004 0.0 8
1755457947487 0.0 9
1755457948963 0.0 10
1755457950416 0.0 11
1755457951866 0.0 12
1755457953349 0.0 13
1755457954789 0.0 14
1755457956237 0.0 15
1755457957683 0.0 16
1755457959164 0.0 17
1755457961240 0.0 18
1755457962751 0.0 19
1755457964243 0.0 20
1755457965722 0.0 21
1755457967177 0.0 22
1755457968642 0.0 23
1755457970098 0.0 24
1755457971556 0.0 25
1755457973052 0.0 26
1755457974540 0.0 27
1755457976032 0.0 28
1755457934385 0.0 0
