1755457934380 3.0035621080837923e-05 0
1755457935812 3.0035621080837923e-05 1
1755457937247 3.0035621080837923e-05 2
1755457938719 3.0035621080837923e-05 3
1755457940190 3.0035621080837923e-05 4
1755457941655 3.0035621080837923e-05 5
1755457943089 1.5017810540418961e-05 6
1755457944525 1.5017810540418961e-05 7
1755457946001 1.5017810540418961e-05 8
1755457947483 1.5017810540418961e-05 9
1755457948959 1.5017810540418961e-05 10
1755457950413 1.5017810540418961e-05 11
1755457951862 7.508905270209481e-06 12
1755457953346 7.508905270209481e-06 13
1755457954785 7.508905270209481e-06 14
1755457956233 7.508905270209481e-06 15
1755457957680 7.508905270209481e-06 16
1755457959160 7.508905270209481e-06 17
1755457961235 3.7544526351047403e-06 18
1755457962748 3.7544526351047403e-06 19
1755457964239 3.7544526351047403e-06 20
1755457965718 3.7544526351047403e-06 21
1755457967173 3.7544526351047403e-06 22
1755457968638 3.7544526351047403e-06 23
1755457970094 1.8772263175523702e-06 24
1755457971553 1.8772263175523702e-06 25
1755457973048 1.8772263175523702e-06 26
1755457974536 1.8772263175523702e-06 27
1755457976028 1.8772263175523702e-06 28
1755457934380 3.0035621080837923e-05 0
