1755457934368 1.3004146467210376e-05 0
1755457935804 1.3014018431281979e-05 1
1755457937239 1.2979103611801942e-05 2
1755457938712 1.2955498188408196e-05 3
1755457940183 1.2985958164790645e-05 4
1755457941648 1.3007517614888847e-05 5
1755457943081 1.2975920453430132e-05 6
1755457944517 1.2683486082616063e-05 7
1755457945993 1.299873791335163e-05 8
1755457947476 1.3010592762644332e-05 9
1755457948952 1.3016453302887904e-05 10
1755457950405 1.3008745473338682e-05 11
1755457951854 1.2988582430547727e-05 12
1755457953338 1.3006060580015141e-05 13
1755457954777 1.300448385726278e-05 14
1755457956226 1.3000205845920781e-05 15
1755457957672 1.3006341053564288e-05 16
1755457959152 1.2974094845828534e-05 17
1755457961226 1.2996561045903426e-05 18
1755457962740 1.2982515110187315e-05 19
1755457964232 1.2998998865246644e-05 20
1755457965710 1.2941650165235582e-05 21
1755457967165 1.3008013898537943e-05 22
1755457968631 1.2990984665910738e-05 23
1755457970086 1.2993546436389027e-05 24
1755457971545 1.2986713370212652e-05 25
1755457973040 1.3008168017287452e-05 26
1755457974528 1.299869800927159e-05 27
1755457976020 1.3002052493707847e-05 28
1755457934368 1.3004146467210376e-05 0
