1755462618746 0.0 0
1755462619236 0.0 1
1755462619746 0.0 2
1755462620223 0.0 3
1755462620771 0.0 4
1755462621247 0.0 5
1755462621720 0.0 6
1755462622225 0.0 7
1755462622754 0.0 8
1755462623270 0.0 9
1755462623751 0.0 10
1755462624219 0.0 11
1755462624694 0.0 12
1755462625196 0.0 13
1755462625705 0.0 14
1755462626223 0.0 15
1755462626698 0.0 16
1755462627149 0.0 17
1755462627645 0.0 18
1755462628122 0.0 19
1755462628635 0.0 20
1755462629100 0.0 21
1755462629618 0.0 22
1755462630094 0.0 23
1755462630562 0.0 24
1755462618746 0.0 0
