1755462618739 0.00011689141340738722 0
1755462619232 0.00011689141340738722 1
1755462619742 0.00011689141340738722 2
1755462620219 0.00011689141340738722 3
1755462620767 0.00011689141340738722 4
1755462621243 0.00011689141340738722 5
1755462621716 5.844570670369361e-05 6
1755462622222 5.844570670369361e-05 7
1755462622750 5.844570670369361e-05 8
1755462623266 5.844570670369361e-05 9
1755462623747 5.844570670369361e-05 10
1755462624215 5.844570670369361e-05 11
1755462624690 2.9222853351846806e-05 12
1755462625192 2.9222853351846806e-05 13
1755462625701 2.9222853351846806e-05 14
1755462626218 2.9222853351846806e-05 15
1755462626694 2.9222853351846806e-05 16
1755462627145 2.9222853351846806e-05 17
1755462627641 1.4611426675923403e-05 18
1755462628118 1.4611426675923403e-05 19
1755462628630 1.4611426675923403e-05 20
1755462629096 1.4611426675923403e-05 21
1755462629614 1.4611426675923403e-05 22
1755462630090 1.4611426675923403e-05 23
1755462630558 7.3057133379617015e-06 24
1755462618739 0.00011689141340738722 0
