1755462618724 1.5043962110082378e-05 0
1755462619224 1.496263199994376e-05 1
1755462619730 1.4977731211729406e-05 2
1755462620211 1.4960213515483442e-05 3
1755462620758 1.4941720775953269e-05 4
1755462621233 1.4972266293560616e-05 5
1755462621708 1.4955839812306035e-05 6
1755462622213 1.4957435577603714e-05 7
1755462622742 1.4938700157277448e-05 8
1755462623258 1.4953796453807757e-05 9
1755462623737 1.4947690398717636e-05 10
1755462624207 1.4941954483609671e-05 11
1755462624681 1.4954559706633777e-05 12
1755462625183 1.4930968851396237e-05 13
1755462625692 1.4934052623110411e-05 14
1755462626210 1.4952437254578399e-05 15
1755462626686 1.4950907841791508e-05 16
1755462627137 1.4952523883948743e-05 17
1755462627631 1.4945241088883319e-05 18
1755462628110 1.4947126203423977e-05 19
1755462628622 1.4951146454222908e-05 20
1755462629087 1.4941044607244944e-05 21
1755462629605 1.4945480342833304e-05 22
1755462630081 1.4951184498711103e-05 23
1755462630549 1.4941113996818395e-05 24
1755462618724 1.5043962110082378e-05 0
