1755461694887 1.7824503100969987e-05 0
1755461696125 1.7824503100969987e-05 1
1755461697360 1.7824503100969987e-05 2
1755461698507 1.7824503100969987e-05 3
1755461699681 1.7824503100969987e-05 4
1755461700904 1.7824503100969987e-05 5
1755461702128 8.912251550484993e-06 6
1755461703303 8.912251550484993e-06 7
1755461704470 8.912251550484993e-06 8
1755461705635 8.912251550484993e-06 9
1755461706869 8.912251550484993e-06 10
1755461708113 8.912251550484993e-06 11
1755461709436 4.456125775242497e-06 12
1755461710727 4.456125775242497e-06 13
1755461711965 4.456125775242497e-06 14
1755461713213 4.456125775242497e-06 15
1755461714542 4.456125775242497e-06 16
1755461716051 4.456125775242497e-06 17
1755461717295 2.2280628876212483e-06 18
1755461718477 2.2280628876212483e-06 19
1755461719658 2.2280628876212483e-06 20
1755461694887 1.7824503100969987e-05 0
