1755461694874 1.6854233386678136e-05 0
1755461696117 1.68599853557055e-05 1
1755461697352 1.682682303134952e-05 2
1755461698499 1.6798442651842448e-05 3
1755461699672 1.6818870794309338e-05 4
1755461700896 1.6854138432626664e-05 5
1755461702120 1.6858323416404687e-05 6
1755461703295 1.685012578607487e-05 7
1755461704462 1.684255423266615e-05 8
1755461705627 1.6857499706685554e-05 9
1755461706861 1.6850795218247808e-05 10
1755461708105 1.684684308714965e-05 11
1755461709428 1.686178847903407e-05 12
1755461710719 1.6836666977303543e-05 13
1755461711956 1.6789281840580653e-05 14
1755461713204 1.6828323375077386e-05 15
1755461714533 1.6786454279648317e-05 16
1755461716040 1.683030203889657e-05 17
1755461717287 1.6820397114728388e-05 18
1755461718468 1.6863096362464606e-05 19
1755461719649 1.685010904656446e-05 20
1755461694874 1.6854233386678136e-05 0
