1755462954243 0.000311551187134795 0
1755462957324 0.000311551187134795 1
1755462960508 0.000311551187134795 2
1755462963735 0.000311551187134795 3
1755462966852 0.000311551187134795 4
1755462969982 0.000311551187134795 5
1755462972877 0.0001557755935673975 6
1755462975728 0.0001557755935673975 7
1755462978817 0.0001557755935673975 8
1755462981622 0.0001557755935673975 9
1755462985574 0.0001557755935673975 10
1755462988433 0.0001557755935673975 11
1755462991312 7.788779678369875e-05 12
1755462994183 7.788779678369875e-05 13
1755462997015 7.788779678369875e-05 14
1755462999945 7.788779678369875e-05 15
1755463002770 7.788779678369875e-05 16
1755463006123 7.788779678369875e-05 17
1755463009010 3.8943898391849374e-05 18
1755463011858 3.8943898391849374e-05 19
1755463014898 3.8943898391849374e-05 20
1755463017956 3.8943898391849374e-05 21
1755462954243 0.000311551187134795 0
