1755462954220 1.6963957248982886e-05 0
1755462957316 1.6944493317778624e-05 1
1755462960498 1.6946292458209888e-05 2
1755462963726 1.6940368802282208e-05 3
1755462966843 1.6940189941653823e-05 4
1755462969974 1.6949337973178794e-05 5
1755462972869 1.6931548892458962e-05 6
1755462975719 1.6892084369209153e-05 7
1755462978809 1.6895663347795662e-05 8
1755462981614 1.6893402048131416e-05 9
1755462985566 1.6895821813754943e-05 10
1755462988425 1.6889165141077642e-05 11
1755462991303 1.6875017236388586e-05 12
1755462994175 1.687334109262268e-05 13
1755462997007 1.6873522283956165e-05 14
1755462999935 1.6877534967584274e-05 15
1755463002760 1.686410999524754e-05 16
1755463006114 1.687421619043472e-05 17
1755463009001 1.6855322561381258e-05 18
1755463011849 1.6853626193851298e-05 19
1755463014888 1.686595564284029e-05 20
1755463017928 1.685379186180928e-05 21
1755462954220 1.6963957248982886e-05 0
