1755462772226 0.0 0
1755462774183 0.0 1
1755462776161 0.0 2
1755462778128 0.0 3
1755462780110 0.0 4
1755462782075 0.0 5
1755462784003 0.0 6
1755462785919 0.0 7
1755462787820 0.0 8
1755462789798 0.0 9
1755462791777 0.0 10
1755462793639 0.0 11
1755462795680 0.0 12
1755462797893 0.0 13
1755462800094 0.0 14
1755462803150 0.0 15
1755462805174 0.0 16
1755462807095 0.0 17
1755462809007 0.0 18
1755462810980 0.0 19
1755462812902 0.0 20
1755462814946 0.0 21
1755462816991 0.0 22
1755462819189 0.0 23
1755462821205 0.0 24
1755462823075 0.0 25
1755462825044 0.0 26
1755462827019 0.0 27
1755462772226 0.0 0
