1755462772217 0.00011689141340738722 0
1755462774179 0.00011689141340738722 1
1755462776157 0.00011689141340738722 2
1755462778124 0.00011689141340738722 3
1755462780106 0.00011689141340738722 4
1755462782071 0.00011689141340738722 5
1755462783999 0.00011689141340738722 6
1755462785915 5.844570670369361e-05 7
1755462787815 5.844570670369361e-05 8
1755462789794 5.844570670369361e-05 9
1755462791773 5.844570670369361e-05 10
1755462793635 5.844570670369361e-05 11
1755462795676 5.844570670369361e-05 12
1755462797888 2.9222853351846806e-05 13
1755462800090 2.9222853351846806e-05 14
1755462803146 2.9222853351846806e-05 15
1755462805169 2.9222853351846806e-05 16
1755462807091 2.9222853351846806e-05 17
1755462809003 2.9222853351846806e-05 18
1755462810976 1.4611426675923403e-05 19
1755462812898 1.4611426675923403e-05 20
1755462814942 1.4611426675923403e-05 21
1755462816987 1.4611426675923403e-05 22
1755462819185 1.4611426675923403e-05 23
1755462821201 1.4611426675923403e-05 24
1755462823071 7.3057133379617015e-06 25
1755462825039 7.3057133379617015e-06 26
1755462827015 7.3057133379617015e-06 27
1755462772217 0.00011689141340738722 0
