1755462772201 1.81323445444768e-05 0
1755462774171 1.8115843686182032e-05 1
1755462776149 1.8122142399745275e-05 2
1755462778116 1.810927770927431e-05 3
1755462780098 1.8119879605749278e-05 4
1755462782063 1.811130236457219e-05 5
1755462783991 1.8118438251996184e-05 6
1755462785906 1.811564003462632e-05 7
1755462787807 1.8103053234817324e-05 8
1755462789785 1.81069484677235e-05 9
1755462791764 1.810392801660424e-05 10
1755462793626 1.810385005945802e-05 11
1755462795668 1.810508089400967e-05 12
1755462797879 1.8105353897738843e-05 13
1755462800082 1.810101268097562e-05 14
1755462803138 1.8099872144196357e-05 15
1755462805161 1.8100378178722065e-05 16
1755462807082 1.8097975061542636e-05 17
1755462808995 1.8097426202306015e-05 18
1755462810967 1.8098597826831115e-05 19
1755462812889 1.809560467976758e-05 20
1755462814934 1.8097885455498612e-05 21
1755462816978 1.8096037101265247e-05 22
1755462819177 1.8095747528079786e-05 23
1755462821192 1.8095477390539906e-05 24
1755462823062 1.8091572178811577e-05 25
1755462825030 1.8095600974537403e-05 26
1755462827006 1.8090584750981934e-05 27
1755462772201 1.81323445444768e-05 0
