1755462669775 0.00011689141340738722 0
1755462670995 0.00011689141340738722 1
1755462672207 0.00011689141340738722 2
1755462673404 0.00011689141340738722 3
1755462674579 0.00011689141340738722 4
1755462675808 0.00011689141340738722 5
1755462677138 0.00011689141340738722 6
1755462678491 0.00011689141340738722 7
1755462679750 0.00011689141340738722 8
1755462680924 0.00011689141340738722 9
1755462682104 0.00011689141340738722 10
1755462683315 0.00011689141340738722 11
1755462684499 5.844570670369361e-05 12
1755462685889 5.844570670369361e-05 13
1755462687293 5.844570670369361e-05 14
1755462688486 5.844570670369361e-05 15
1755462689693 5.844570670369361e-05 16
1755462690925 5.844570670369361e-05 17
1755462692348 2.9222853351846806e-05 18
1755462693818 2.9222853351846806e-05 19
1755462695081 2.9222853351846806e-05 20
1755462696324 2.9222853351846806e-05 21
1755462669775 0.00011689141340738722 0
