1755462669762 1.429563171501179e-05 0
1755462670986 1.4254253590158495e-05 1
1755462672199 1.4282650836856405e-05 2
1755462673395 1.427441459728631e-05 3
1755462674571 1.4267055527906289e-05 4
1755462675800 1.4289232205341892e-05 5
1755462677130 1.4252391271357364e-05 6
1755462678482 1.428837620497849e-05 7
1755462679742 1.4274543325561407e-05 8
1755462680915 1.4283035165242516e-05 9
1755462682096 1.4282415355303194e-05 10
1755462683307 1.4268075044717132e-05 11
1755462684491 1.4271472467525575e-05 12
1755462685880 1.4271122247865765e-05 13
1755462687285 1.425807404302759e-05 14
1755462688477 1.4241862711916089e-05 15
1755462689684 1.4266031814044897e-05 16
1755462690916 1.424162591159556e-05 17
1755462692340 1.4274047757948318e-05 18
1755462693809 1.4256877383398687e-05 19
1755462695072 1.423409953531518e-05 20
1755462696315 1.4256731963220826e-05 21
1755462669762 1.429563171501179e-05 0
