1755467314821 4.740093504172235e-05 0
1755467316286 4.740093504172235e-05 1
1755467317876 4.740093504172235e-05 2
1755467319334 4.740093504172235e-05 3
1755467320408 4.740093504172235e-05 4
1755467321428 4.740093504172235e-05 5
1755467322475 4.740093504172235e-05 6
1755467323510 4.740093504172235e-05 7
1755467324538 4.740093504172235e-05 8
1755467325593 4.740093504172235e-05 9
1755467326651 4.740093504172235e-05 10
1755467327749 4.740093504172235e-05 11
1755467328853 2.3700467520861174e-05 12
1755467329958 2.3700467520861174e-05 13
1755467330948 2.3700467520861174e-05 14
1755467332043 2.3700467520861174e-05 15
1755467333242 2.3700467520861174e-05 16
1755467334390 2.3700467520861174e-05 17
1755467335501 1.1850233760430587e-05 18
1755467336579 1.1850233760430587e-05 19
1755467314821 4.740093504172235e-05 0
