1755467314794 2.4167978958717643e-05 0
1755467316257 2.4136436531506686e-05 1
1755467317856 2.4173162426579067e-05 2
1755467319324 2.4178404963304353e-05 3
1755467320398 2.4173914071634018e-05 4
1755467321419 2.4176670943242107e-05 5
1755467322466 2.417542206214131e-05 6
1755467323492 2.4152397318417104e-05 7
1755467324529 2.417912436556483e-05 8
1755467325584 2.417826169776726e-05 9
1755467326642 2.4169225199869215e-05 10
1755467327739 2.418214267263224e-05 11
1755467328844 2.4113458791756445e-05 12
1755467329949 2.416116038840357e-05 13
1755467330939 2.414176247613989e-05 14
1755467332033 2.4162105788024496e-05 15
1755467333231 2.4173494939451762e-05 16
1755467334378 2.414405221356217e-05 17
1755467335490 2.4165579768034745e-05 18
1755467336569 2.4140659983442947e-05 19
1755467314794 2.4167978958717643e-05 0
