1755263651581 0.001 0
1755263653250 0.001 1
1755263654891 0.001 2
1755263656540 0.001 3
1755263658263 0.001 4
1755263659857 0.001 5
1755263661326 0.001 6
1755263662833 0.001 7
1755263664405 0.001 8
1755263666037 0.001 9
1755263667571 0.001 10
1755263669071 0.001 11
1755263670607 0.001 12
1755263672164 0.001 13
1755263673761 0.001 14
1755263675342 0.001 15
1755263676824 0.001 16
1755263678282 0.001 17
1755263679779 0.001 18
1755263681347 0.001 19
1755263683251 0.001 20
1755263684721 0.001 21
1755263686269 0.001 22
1755263687944 0.001 23
1755263689555 0.001 24
1755263691036 0.001 25
1755263692508 0.001 26
1755263694016 0.001 27
1755263695705 0.001 28
1755263697267 0.001 29
1755263698824 0.001 30
1755263700338 0.001 31
1755263701900 0.001 32
1755263703476 0.0005 33
1755263705069 0.0005 34
1755263706578 0.0005 35
1755263708068 0.0005 36
1755263709582 0.0005 37
1755263711170 0.0005 38
1755263712730 0.0005 39
1755263714310 0.0005 40
1755263715779 0.0005 41
1755263717372 0.0005 42
1755263718974 0.00025 43
1755263720577 0.00025 44
1755263722144 0.00025 45
1755263723735 0.00025 46
1755263725267 0.00025 47
1755263651581 0.001 0
