1755263651581 0.0004425194360212319 0
1755263653250 7.869821223721374e-05 1
1755263654891 6.079578457704176e-05 2
1755263656540 5.6316362986561016e-05 3
1755263658263 5.467660516943498e-05 4
1755263659857 5.315526481960357e-05 5
1755263661326 5.245969028490233e-05 6
1755263662833 5.2355092508757175e-05 7
1755263664405 5.248874897208427e-05 8
1755263666037 5.241745007272887e-05 9
1755263667571 5.215410195281341e-05 10
1755263669071 5.2585929455138585e-05 11
1755263670607 5.260634668552989e-05 12
1755263672164 5.222974457461128e-05 13
1755263673761 5.242362186335312e-05 14
1755263675342 5.20727483308292e-05 15
1755263676824 5.2314876629679926e-05 16
1755263678282 5.2241975928255774e-05 17
1755263679779 5.2547953944465714e-05 18
1755263681347 5.241035679419939e-05 19
1755263683251 5.24265352780478e-05 20
1755263684721 5.23562552795435e-05 21
1755263686269 5.2379892117136885e-05 22
1755263687944 5.254484745010915e-05 23
1755263689555 5.209304681759224e-05 24
1755263691036 5.2308306254013185e-05 25
1755263692508 5.2164265079126276e-05 26
1755263694016 5.234011939642692e-05 27
1755263695705 5.2475018423542173e-05 28
1755263697267 5.257423956209095e-05 29
1755263698824 5.243121416343557e-05 30
1755263700338 5.2691632869634e-05 31
1755263701900 5.2657896259107574e-05 32
1755263703476 5.2462631679696235e-05 33
1755263705069 5.2463215449986616e-05 34
1755263706578 5.2134210325473556e-05 35
1755263708068 5.227341709946308e-05 36
1755263709582 5.211551872586521e-05 37
1755263711170 5.218864046279729e-05 38
1755263712730 5.216914256177713e-05 39
1755263714310 5.2217607295056547e-05 40
1755263715779 5.2241042536075434e-05 41
1755263717372 5.233466186635067e-05 42
1755263718974 5.241377680956955e-05 43
1755263720577 5.215949494918782e-05 44
1755263722144 5.204867469728924e-05 45
1755263723735 5.217706567539911e-05 46
1755263725267 5.2216963522369044e-05 47
1755263651581 0.0004425194360212319 0
