1755459577713 1.8880243581724525e-05 0
1755459584974 1.8880243581724525e-05 1
1755459592080 1.8880243581724525e-05 2
1755459599183 1.8880243581724525e-05 3
1755459607283 1.8880243581724525e-05 4
1755459614419 1.8880243581724525e-05 5
1755459621503 1.8880243581724525e-05 6
1755459628748 1.8880243581724525e-05 7
1755459635935 1.8880243581724525e-05 8
1755459643940 1.8880243581724525e-05 9
1755459651201 1.8880243581724525e-05 10
1755459658649 1.8880243581724525e-05 11
1755459666101 1.8880243581724525e-05 12
1755459673576 9.440121790862263e-06 13
1755459681466 9.440121790862263e-06 14
1755459688978 9.440121790862263e-06 15
1755459696051 9.440121790862263e-06 16
1755459703149 9.440121790862263e-06 17
1755459577713 1.8880243581724525e-05 0
