1755459577702 1.3241989760489829e-05 0
1755459584967 1.3241223454360166e-05 1
1755459592072 1.3231133243727566e-05 2
1755459599175 1.3219078053379247e-05 3
1755459607272 1.3241550494764313e-05 4
1755459614412 1.3237455349258359e-05 5
1755459621495 1.3244063209858211e-05 6
1755459628740 1.3237244876192153e-05 7
1755459635927 1.3239176028669519e-05 8
1755459643928 1.3239654855613187e-05 9
1755459651194 1.323246203730352e-05 10
1755459658641 1.3239303799064723e-05 11
1755459666092 1.3220873678736571e-05 12
1755459673554 1.32402326893815e-05 13
1755459681458 1.3229021330279062e-05 14
1755459688970 1.3238780767356012e-05 15
1755459696043 1.323679331467471e-05 16
1755459703141 1.3241327050690428e-05 17
1755459577702 1.3241989760489829e-05 0
