1755462887045 0.000311551187134795 0
1755462889229 0.000311551187134795 1
1755462891356 0.000311551187134795 2
1755462893536 0.000311551187134795 3
1755462895880 0.000311551187134795 4
1755462897968 0.000311551187134795 5
1755462900078 0.0001557755935673975 6
1755462902290 0.0001557755935673975 7
1755462904549 0.0001557755935673975 8
1755462906904 0.0001557755935673975 9
1755462909025 0.0001557755935673975 10
1755462911182 0.0001557755935673975 11
1755462913463 0.0001557755935673975 12
1755462915926 0.0001557755935673975 13
1755462919118 0.0001557755935673975 14
1755462921498 0.0001557755935673975 15
1755462923641 7.788779678369875e-05 16
1755462925875 7.788779678369875e-05 17
1755462928073 7.788779678369875e-05 18
1755462930162 7.788779678369875e-05 19
1755462932328 7.788779678369875e-05 20
1755462887045 0.000311551187134795 0
