1755462887031 1.4332426411890672e-05 0
1755462889221 1.4337446494958866e-05 1
1755462891348 1.4323288976757955e-05 2
1755462893528 1.4352015457862923e-05 3
1755462895870 1.4303795211055652e-05 4
1755462897959 1.4335497505325132e-05 5
1755462900070 1.4344606787584353e-05 6
1755462902281 1.4275250386804948e-05 7
1755462904540 1.4272445156059214e-05 8
1755462906895 1.4289482866762923e-05 9
1755462909016 1.4281230775903918e-05 10
1755462911173 1.4299366647291583e-05 11
1755462913454 1.4284335095319822e-05 12
1755462915918 1.4289766178375002e-05 13
1755462919105 1.4291554986598117e-05 14
1755462921489 1.4294829048487693e-05 15
1755462923632 1.4284305633041452e-05 16
1755462925867 1.426969475714406e-05 17
1755462928064 1.427270885602304e-05 18
1755462930153 1.4280206234134847e-05 19
1755462932319 1.4282805085151589e-05 20
1755462887031 1.4332426411890672e-05 0
