1755454749412 3.8536256902294385e-05 0
1755454752181 3.8536256902294385e-05 1
1755454755226 3.8536256902294385e-05 2
1755454758058 3.8536256902294385e-05 3
1755454760846 3.8536256902294385e-05 4
1755454763755 3.8536256902294385e-05 5
1755454766491 3.8536256902294385e-05 6
1755454769392 1.9268128451147193e-05 7
1755454772259 1.9268128451147193e-05 8
1755454775066 1.9268128451147193e-05 9
1755454777897 1.9268128451147193e-05 10
1755454780890 1.9268128451147193e-05 11
1755454783819 1.9268128451147193e-05 12
1755454749412 3.8536256902294385e-05 0
