1755454749401 1.2113994806071643e-05 0
1755454752174 1.2111509931855835e-05 1
1755454755219 1.2108810422891474e-05 2
1755454758052 1.2114100221441787e-05 3
1755454760839 1.2107835147851861e-05 4
1755454763748 1.2110325507040848e-05 5
1755454766484 1.210979345664102e-05 6
1755454769384 1.2113166412426012e-05 7
1755454772252 1.2103137164971981e-05 8
1755454775058 1.2108623103656081e-05 9
1755454777890 1.2102464801010147e-05 10
1755454780882 1.2093822167578157e-05 11
1755454783812 1.2104815628109114e-05 12
1755454749401 1.2113994806071643e-05 0
