1755464240258 2.8210351120557755e-05 0
1755464243451 2.8210351120557755e-05 1
1755464246606 2.8210351120557755e-05 2
1755464249796 2.8210351120557755e-05 3
1755464252945 2.8210351120557755e-05 4
1755464256081 2.8210351120557755e-05 5
1755464259270 1.4105175560278877e-05 6
1755464262415 1.4105175560278877e-05 7
1755464265597 1.4105175560278877e-05 8
1755464268745 1.4105175560278877e-05 9
1755464272037 1.4105175560278877e-05 10
1755464275386 1.4105175560278877e-05 11
1755464278603 7.052587780139439e-06 12
1755464281773 7.052587780139439e-06 13
1755464284972 7.052587780139439e-06 14
1755464288108 7.052587780139439e-06 15
1755464291388 7.052587780139439e-06 16
1755464294510 7.052587780139439e-06 17
1755464297667 3.5262938900697194e-06 18
1755464300813 3.5262938900697194e-06 19
1755464240258 2.8210351120557755e-05 0
