1755464240245 1.1269313817725576e-05 0
1755464243443 1.1225892524482205e-05 1
1755464246595 1.1235744649985037e-05 2
1755464249787 1.1227163177115464e-05 3
1755464252937 1.1216545067931034e-05 4
1755464256073 1.1214646300549755e-05 5
1755464259261 1.1232393302859953e-05 6
1755464262406 1.1233602608868283e-05 7
1755464265588 1.1258000572887095e-05 8
1755464268736 1.1248448021256363e-05 9
1755464272018 1.1269673933360037e-05 10
1755464275377 1.1237372890984293e-05 11
1755464278594 1.1256253345030107e-05 12
1755464281764 1.1248412804494702e-05 13
1755464284964 1.1251847760743344e-05 14
1755464288100 1.1258960842343967e-05 15
1755464291380 1.1218573969516613e-05 16
1755464294501 1.1227052621193132e-05 17
1755464297659 1.1260718581706092e-05 18
1755464300805 1.1207880903481232e-05 19
1755464240245 1.1269313817725576e-05 0
