1755458289195 2.064494709217593e-05 0
1755458293115 2.064494709217593e-05 1
1755458297454 2.064494709217593e-05 2
1755458301427 2.064494709217593e-05 3
1755458305347 2.064494709217593e-05 4
1755458309343 2.064494709217593e-05 5
1755458313376 1.0322473546087965e-05 6
1755458317460 1.0322473546087965e-05 7
1755458321451 1.0322473546087965e-05 8
1755458325377 1.0322473546087965e-05 9
1755458329343 1.0322473546087965e-05 10
1755458333958 1.0322473546087965e-05 11
1755458337912 5.161236773043982e-06 12
1755458341951 5.161236773043982e-06 13
1755458345878 5.161236773043982e-06 14
1755458349844 5.161236773043982e-06 15
1755458353771 5.161236773043982e-06 16
1755458357720 5.161236773043982e-06 17
1755458361663 2.580618386521991e-06 18
1755458365684 2.580618386521991e-06 19
1755458289195 2.064494709217593e-05 0
