1755458289184 1.306470747229403e-05 0
1755458293108 1.3083405159344332e-05 1
1755458297445 1.3079709988888427e-05 2
1755458301420 1.3043617838759002e-05 3
1755458305339 1.310308911351066e-05 4
1755458309335 1.2983376473949557e-05 5
1755458313369 1.3052607184019163e-05 6
1755458317453 1.307570926303572e-05 7
1755458321444 1.3069202338498996e-05 8
1755458325369 1.3079681061221359e-05 9
1755458329335 1.3033341200023822e-05 10
1755458333950 1.3086456120773775e-05 11
1755458337904 1.297142839289049e-05 12
1755458341943 1.3011708143404485e-05 13
1755458345870 1.3021272352816922e-05 14
1755458349836 1.3015058428962974e-05 15
1755458353763 1.3005298205006602e-05 16
1755458357712 1.2962276842118044e-05 17
1755458361655 1.3018729503954518e-05 18
1755458365662 1.3038881608228113e-05 19
1755458289184 1.306470747229403e-05 0
