1755457252758 8.795568671547272e-05 0
1755457254178 8.795568671547272e-05 1
1755457255542 8.795568671547272e-05 2
1755457257388 8.795568671547272e-05 3
1755457259025 8.795568671547272e-05 4
1755457260625 8.795568671547272e-05 5
1755457262220 4.397784335773636e-05 6
1755457263838 4.397784335773636e-05 7
1755457265239 4.397784335773636e-05 8
1755457266729 4.397784335773636e-05 9
1755457268342 4.397784335773636e-05 10
1755457269971 4.397784335773636e-05 11
1755457271485 2.198892167886818e-05 12
1755457272887 2.198892167886818e-05 13
1755457274604 2.198892167886818e-05 14
1755457276288 2.198892167886818e-05 15
1755457277640 2.198892167886818e-05 16
1755457279015 2.198892167886818e-05 17
1755457281343 1.099446083943409e-05 18
1755457283113 1.099446083943409e-05 19
1755457252758 8.795568671547272e-05 0
