1755457252731 1.3255360163640662e-05 0
1755457254170 1.3251712455802219e-05 1
1755457255534 1.3257489635000471e-05 2
1755457257380 1.3255511022871872e-05 3
1755457259018 1.3242284443178095e-05 4
1755457260618 1.3252910958457711e-05 5
1755457262211 1.3255396151129081e-05 6
1755457263831 1.3243341745179913e-05 7
1755457265230 1.3243944120493863e-05 8
1755457266721 1.3243001872774264e-05 9
1755457268335 1.324711849718651e-05 10
1755457269964 1.324261301895501e-05 11
1755457271477 1.324305892755457e-05 12
1755457272879 1.3240920242757236e-05 13
1755457274597 1.3242377147588753e-05 14
1755457276281 1.3241560470984477e-05 15
1755457277631 1.324261976010412e-05 16
1755457279008 1.3242128074138313e-05 17
1755457281334 1.3243264766380991e-05 18
1755457283106 1.3236636269718641e-05 19
1755457252731 1.3255360163640662e-05 0
