1755455236508 8.234562310084279e-05 0
1755455240126 8.234562310084279e-05 1
1755455243610 8.234562310084279e-05 2
1755455247201 8.234562310084279e-05 3
1755455250774 8.234562310084279e-05 4
1755455255257 8.234562310084279e-05 5
1755455258594 4.117281155042139e-05 6
1755455262490 4.117281155042139e-05 7
1755455266091 4.117281155042139e-05 8
1755455269761 4.117281155042139e-05 9
1755455273384 4.117281155042139e-05 10
1755455276923 4.117281155042139e-05 11
1755455280582 2.0586405775210696e-05 12
1755455284057 2.0586405775210696e-05 13
1755455288191 2.0586405775210696e-05 14
1755455291814 2.0586405775210696e-05 15
1755455295504 2.0586405775210696e-05 16
1755455299028 2.0586405775210696e-05 17
1755455302809 1.0293202887605348e-05 18
1755455236508 8.234562310084279e-05 0
