1755455236497 1.0253682995189151e-05 0
1755455240119 1.0242337471659415e-05 1
1755455243603 1.0249716608486136e-05 2
1755455247193 1.0248450831281231e-05 3
1755455250767 1.0253398564775173e-05 4
1755455255250 1.0254113293344855e-05 5
1755455258584 1.0257016555026937e-05 6
1755455262482 1.0233975807254634e-05 7
1755455266084 1.023963039681845e-05 8
1755455269754 1.0235361891485103e-05 9
1755455273377 1.0236170576328498e-05 10
1755455276916 1.0236392815022956e-05 11
1755455280575 1.0234911853103266e-05 12
1755455284050 1.0230494469836635e-05 13
1755455288184 1.022965077070204e-05 14
1755455291806 1.0230642134984832e-05 15
1755455295496 1.0223949400886734e-05 16
1755455299020 1.0232224498662252e-05 17
1755455302801 1.021776312458511e-05 18
1755455236497 1.0253682995189151e-05 0
