1755455147567 0.0003743700075829035 0
1755455150623 0.0003743700075829035 1
1755455154398 0.0003743700075829035 2
1755455157149 0.0003743700075829035 3
1755455160312 0.0003743700075829035 4
1755455163171 0.0003743700075829035 5
1755455165896 0.0003743700075829035 6
1755455169766 0.00018718500379145175 7
1755455172479 0.00018718500379145175 8
1755455175466 0.00018718500379145175 9
1755455178601 0.00018718500379145175 10
1755455181351 0.00018718500379145175 11
1755455147567 0.0003743700075829035 0
