1755455147555 1.342669590307721e-05 0
1755455150596 1.3338234713129668e-05 1
1755455154379 1.3340733319246666e-05 2
1755455157142 1.3341854652557692e-05 3
1755455160294 1.333270676109927e-05 4
1755455163164 1.3347405403602723e-05 5
1755455165889 1.3337907649307633e-05 6
1755455169758 1.3338908414124502e-05 7
1755455172472 1.3279320839988223e-05 8
1755455175459 1.328150688856356e-05 9
1755455178593 1.3281064440207047e-05 10
1755455181344 1.3286047051288207e-05 11
1755455147555 1.342669590307721e-05 0
