1755458093207 3.0035621080837923e-05 0
1755458097388 3.0035621080837923e-05 1
1755458102133 3.0035621080837923e-05 2
1755458106212 3.0035621080837923e-05 3
1755458110260 3.0035621080837923e-05 4
1755458114353 3.0035621080837923e-05 5
1755458118432 3.0035621080837923e-05 6
1755458122480 1.5017810540418961e-05 7
1755458126745 1.5017810540418961e-05 8
1755458130899 1.5017810540418961e-05 9
1755458135666 1.5017810540418961e-05 10
1755458139767 1.5017810540418961e-05 11
1755458143879 1.5017810540418961e-05 12
1755458148001 7.508905270209481e-06 13
1755458093207 3.0035621080837923e-05 0
