1755458093196 1.322408680539511e-05 0
1755458097381 1.3217840832501054e-05 1
1755458102125 1.3230250855654068e-05 2
1755458106205 1.3220539457534721e-05 3
1755458110252 1.3231821000095357e-05 4
1755458114346 1.3075339417693837e-05 5
1755458118425 1.3220861186277242e-05 6
1755458122472 1.3215033374606896e-05 7
1755458126738 1.3230896090059377e-05 8
1755458130890 1.3212021717122558e-05 9
1755458135659 1.323087061819785e-05 10
1755458139760 1.3205720854019628e-05 11
1755458143871 1.3216388493666445e-05 12
1755458147993 1.3176040994893197e-05 13
1755458093196 1.322408680539511e-05 0
