1755455908803 0.0005144036133942177 0
1755455911039 0.0005144036133942177 1
1755455913310 0.0005144036133942177 2
1755455915584 0.0005144036133942177 3
1755455917835 0.0005144036133942177 4
1755455920081 0.0005144036133942177 5
1755455922273 0.0005144036133942177 6
1755455924573 0.0005144036133942177 7
1755455926824 0.0005144036133942177 8
1755455929094 0.0005144036133942177 9
1755455931251 0.00025720180669710883 10
1755455933494 0.00025720180669710883 11
1755455935835 0.00025720180669710883 12
1755455938051 0.00025720180669710883 13
1755455940803 0.00025720180669710883 14
1755455943028 0.00025720180669710883 15
1755455945169 0.00012860090334855442 16
1755455947422 0.00012860090334855442 17
1755455949779 0.00012860090334855442 18
1755455908803 0.0005144036133942177 0
