1755455908766 1.2360557091415637e-05 0
1755455911032 1.2240972653970352e-05 1
1755455913303 1.2251424591087387e-05 2
1755455915577 1.2260055002350842e-05 3
1755455917828 1.2251015597187707e-05 4
1755455920075 1.2268350411509386e-05 5
1755455922266 1.2239242498328268e-05 6
1755455924565 1.2298687423431827e-05 7
1755455926817 1.227159767165931e-05 8
1755455929085 1.2266638347743945e-05 9
1755455931243 1.2249260746497401e-05 10
1755455933487 1.2159069936926586e-05 11
1755455935828 1.2163996406346025e-05 12
1755455938043 1.2169943692218665e-05 13
1755455940796 1.2151863486311451e-05 14
1755455943021 1.21569999203175e-05 15
1755455945161 1.218028138106503e-05 16
1755455947415 1.2132737315489035e-05 17
1755455949771 1.213708469216209e-05 18
1755455908766 1.2360557091415637e-05 0
