1755456935199 5.498901177341162e-05 0
1755456935676 5.498901177341162e-05 1
1755456936156 5.498901177341162e-05 2
1755456936618 5.498901177341162e-05 3
1755456937088 5.498901177341162e-05 4
1755456937569 5.498901177341162e-05 5
1755456938041 5.498901177341162e-05 6
1755456938542 5.498901177341162e-05 7
1755456939017 2.749450588670581e-05 8
1755456939503 2.749450588670581e-05 9
1755456939993 2.749450588670581e-05 10
1755456940467 2.749450588670581e-05 11
1755456940899 2.749450588670581e-05 12
1755456941365 2.749450588670581e-05 13
1755456941800 1.3747252943352904e-05 14
1755456942253 1.3747252943352904e-05 15
1755456942726 1.3747252943352904e-05 16
1755456943180 1.3747252943352904e-05 17
1755456943648 1.3747252943352904e-05 18
1755456944122 1.3747252943352904e-05 19
1755456944566 6.873626471676452e-06 20
1755456945043 6.873626471676452e-06 21
1755456935199 5.498901177341162e-05 0
