1755456935188 1.2974472058756095e-05 0
1755456935668 1.2940848819198436e-05 1
1755456936149 1.2994477693999734e-05 2
1755456936611 1.2952434100757923e-05 3
1755456937079 1.2954604382490029e-05 4
1755456937560 1.2965229075234674e-05 5
1755456938034 1.3011450805931548e-05 6
1755456938535 1.2942073900441236e-05 7
1755456939009 1.2998649911618746e-05 8
1755456939496 1.299517769634154e-05 9
1755456939982 1.2954915933148317e-05 10
1755456940459 1.2982657803409633e-05 11
1755456940891 1.295991773174267e-05 12
1755456941358 1.301753098102511e-05 13
1755456941793 1.2990494488868925e-05 14
1755456942245 1.2860951950902485e-05 15
1755456942718 1.297244623239229e-05 16
1755456943173 1.2959823980703991e-05 17
1755456943640 1.2993278500873981e-05 18
1755456944114 1.3009926387245027e-05 19
1755456944559 1.3012581478376109e-05 20
1755456945035 1.3008617055934987e-05 21
1755456935188 1.2974472058756095e-05 0
