1755460709469 0.00015443736184203317 0
1755460711291 0.00015443736184203317 1
1755460713092 0.00015443736184203317 2
1755460715154 0.00015443736184203317 3
1755460717107 0.00015443736184203317 4
1755460719048 0.00015443736184203317 5
1755460720996 7.721868092101658e-05 6
1755460722974 7.721868092101658e-05 7
1755460724871 7.721868092101658e-05 8
1755460727369 7.721868092101658e-05 9
1755460729371 7.721868092101658e-05 10
1755460731280 7.721868092101658e-05 11
1755460733121 3.860934046050829e-05 12
1755460735074 3.860934046050829e-05 13
1755460737046 3.860934046050829e-05 14
1755460739043 3.860934046050829e-05 15
1755460740910 3.860934046050829e-05 16
1755460742783 3.860934046050829e-05 17
1755460744646 1.9304670230254146e-05 18
1755460746432 1.9304670230254146e-05 19
1755460748371 1.9304670230254146e-05 20
1755460750402 1.9304670230254146e-05 21
1755460709469 0.00015443736184203317 0
