1755460709454 1.4310773544553633e-05 0
1755460711282 1.4276124851248289e-05 1
1755460713084 1.4261796438992914e-05 2
1755460715146 1.4268963209093165e-05 3
1755460717098 1.4242944638788365e-05 4
1755460719040 1.4262799432425013e-05 5
1755460720988 1.4235765357785995e-05 6
1755460722966 1.4257454984758891e-05 7
1755460724863 1.4265898284172769e-05 8
1755460727355 1.4268016005136066e-05 9
1755460729362 1.4251717737031012e-05 10
1755460731272 1.4246076261770213e-05 11
1755460733113 1.4255496345118873e-05 12
1755460735065 1.421946333400282e-05 13
1755460737037 1.4259695661380914e-05 14
1755460739034 1.4261412022332318e-05 15
1755460740901 1.426438774989733e-05 16
1755460742774 1.4265852507164442e-05 17
1755460744638 1.425163275545107e-05 18
1755460746423 1.4238030269766836e-05 19
1755460748362 1.4257466821564937e-05 20
1755460750393 1.4260699695381952e-05 21
1755460709454 1.4310773544553633e-05 0
