1755465631888 0.0005382440457412134 0
1755465636324 0.0005382440457412134 1
1755465641501 0.0005382440457412134 2
1755465646198 0.0005382440457412134 3
1755465650663 0.0005382440457412134 4
1755465655014 0.0005382440457412134 5
1755465659408 0.0005382440457412134 6
1755465663811 0.0005382440457412134 7
1755465668161 0.0002691220228706067 8
1755465672549 0.0002691220228706067 9
1755465677624 0.0002691220228706067 10
1755465682054 0.0002691220228706067 11
1755465686510 0.0002691220228706067 12
1755465691044 0.0002691220228706067 13
1755465695581 0.0002691220228706067 14
1755465699924 0.00013456101143530336 15
1755465704463 0.00013456101143530336 16
1755465708891 0.00013456101143530336 17
1755465713844 0.00013456101143530336 18
1755465718371 0.00013456101143530336 19
1755465631888 0.0005382440457412134 0
