1755465631875 2.1559304367821174e-05 0
1755465636315 2.1512739326760966e-05 1
1755465641488 2.153375352628506e-05 2
1755465646190 2.153759305656422e-05 3
1755465650653 2.1509826475846626e-05 4
1755465655005 2.1495466987890557e-05 5
1755465659399 2.1499396316145143e-05 6
1755465663802 2.1519668165882654e-05 7
1755465668152 2.1554672351195163e-05 8
1755465672540 2.1403454442066258e-05 9
1755465677602 2.1386579423402475e-05 10
1755465682045 2.140206630982163e-05 11
1755465686502 2.1424506546510622e-05 12
1755465691034 2.138038484701068e-05 13
1755465695573 2.142122732214359e-05 14
1755465699915 2.141802417355122e-05 15
1755465704454 2.138662279193931e-05 16
1755465708881 2.137432187343849e-05 17
1755465713835 2.1319031541769996e-05 18
1755465718362 2.139805314317533e-05 19
1755465631875 2.1559304367821174e-05 0
