1755462403556 0.0001081672946454577 0
1755462404357 0.0001081672946454577 1
1755462405150 0.0001081672946454577 2
1755462405963 0.0001081672946454577 3
1755462406706 0.0001081672946454577 4
1755462407422 0.0001081672946454577 5
1755462408131 0.0001081672946454577 6
1755462408755 0.0001081672946454577 7
1755462409447 0.0001081672946454577 8
1755462410134 5.408364732272885e-05 9
1755462410822 5.408364732272885e-05 10
1755462411549 5.408364732272885e-05 11
1755462412236 5.408364732272885e-05 12
1755462412891 5.408364732272885e-05 13
1755462413574 5.408364732272885e-05 14
1755462414263 2.7041823661364425e-05 15
1755462414951 2.7041823661364425e-05 16
1755462415645 2.7041823661364425e-05 17
1755462416334 2.7041823661364425e-05 18
1755462416996 2.7041823661364425e-05 19
1755462417732 2.7041823661364425e-05 20
1755462418446 1.3520911830682213e-05 21
1755462403556 0.0001081672946454577 0
