1755462403543 1.495139973631662e-05 0
1755462404349 1.4939654607003052e-05 1
1755462405142 1.4951089992467001e-05 2
1755462405954 1.4893916524475312e-05 3
1755462406698 1.4927521882717493e-05 4
1755462407414 1.4900920242715593e-05 5
1755462408122 1.4929811300135043e-05 6
1755462408746 1.4743323727576094e-05 7
1755462409439 1.4952953449665074e-05 8
1755462410125 1.4876088085559655e-05 9
1755462410814 1.4936612444671482e-05 10
1755462411541 1.4917141913071776e-05 11
1755462412228 1.4935380745230629e-05 12
1755462412883 1.493642739092138e-05 13
1755462413565 1.4740812133595682e-05 14
1755462414254 1.4939707418599418e-05 15
1755462414943 1.4919539889238617e-05 16
1755462415637 1.4940218717031581e-05 17
1755462416325 1.4903330890904596e-05 18
1755462416987 1.4930960893317596e-05 19
1755462417723 1.4915394448930133e-05 20
1755462418437 1.4876481531343546e-05 21
1755462403543 1.495139973631662e-05 0
