1755460862608 0.0 0
1755460865807 0.0 1
1755460868937 0.0 2
1755460871956 0.0 3
1755460875122 0.0 4
1755460878263 0.0 5
1755460881276 0.0 6
1755460884203 0.0 7
1755460887349 0.0 8
1755460890494 0.0 9
1755460894559 0.0 10
1755460897603 0.0 11
1755460900610 0.0 12
1755460903774 0.0 13
1755460906744 0.0 14
1755460909741 0.0 15
1755460912717 0.0 16
1755460915974 0.0 17
1755460919175 0.0 18
1755460922376 0.0 19
1755460925463 0.0 20
1755460929439 0.0 21
1755460932465 0.0 22
1755460935445 0.0 23
1755460938410 0.0 24
1755460941541 0.0 25
1755460944435 0.0 26
1755460947452 0.0 27
1755460950398 0.0 28
1755460953405 0.0 29
1755460956320 0.0 30
1755460959222 0.0 31
1755460962959 0.0 32
1755460965839 0.0 33
1755460968769 0.0 34
1755460971872 0.0 35
1755460974798 0.0 36
1755460977994 0.0 37
1755460980898 0.0 38
1755460983893 0.0 39
1755460987015 0.0 40
1755460862608 0.0 0
