1755460862602 0.00015443736184203317 0
1755460865803 0.00015443736184203317 1
1755460868933 0.00015443736184203317 2
1755460871952 0.00015443736184203317 3
1755460875118 0.00015443736184203317 4
1755460878259 0.00015443736184203317 5
1755460881272 7.721868092101658e-05 6
1755460884199 7.721868092101658e-05 7
1755460887345 7.721868092101658e-05 8
1755460890490 7.721868092101658e-05 9
1755460894553 7.721868092101658e-05 10
1755460897599 7.721868092101658e-05 11
1755460900606 3.860934046050829e-05 12
1755460903769 3.860934046050829e-05 13
1755460906739 3.860934046050829e-05 14
1755460909737 3.860934046050829e-05 15
1755460912712 3.860934046050829e-05 16
1755460915969 3.860934046050829e-05 17
1755460919171 1.9304670230254146e-05 18
1755460922372 1.9304670230254146e-05 19
1755460925459 1.9304670230254146e-05 20
1755460929435 1.9304670230254146e-05 21
1755460932461 1.9304670230254146e-05 22
1755460935441 1.9304670230254146e-05 23
1755460938406 9.652335115127073e-06 24
1755460941537 9.652335115127073e-06 25
1755460944431 9.652335115127073e-06 26
1755460947448 9.652335115127073e-06 27
1755460950394 9.652335115127073e-06 28
1755460953401 9.652335115127073e-06 29
1755460956316 4.8261675575635365e-06 30
1755460959218 4.8261675575635365e-06 31
1755460962954 4.8261675575635365e-06 32
1755460965834 4.8261675575635365e-06 33
1755460968765 4.8261675575635365e-06 34
1755460971868 4.8261675575635365e-06 35
1755460974794 2.4130837787817683e-06 36
1755460977989 2.4130837787817683e-06 37
1755460980894 2.4130837787817683e-06 38
1755460983889 2.4130837787817683e-06 39
1755460987011 2.4130837787817683e-06 40
1755460862602 0.00015443736184203317 0
