1755460862590 1.813458932791574e-05 0
1755460865795 1.811772328508109e-05 1
1755460868925 1.8125451626640914e-05 2
1755460871944 1.811327241335983e-05 3
1755460875110 1.810847775424252e-05 4
1755460878248 1.8115342690705316e-05 5
1755460881263 1.8127229892138208e-05 6
1755460884191 1.8099463491253885e-05 7
1755460887337 1.8107846673802657e-05 8
1755460890482 1.8104408828664202e-05 9
1755460894542 1.8107866038994422e-05 10
1755460897590 1.8098317676843397e-05 11
1755460900598 1.810471290732942e-05 12
1755460903756 1.8101574125825543e-05 13
1755460906731 1.809667132490599e-05 14
1755460909727 1.8081287052295855e-05 15
1755460912703 1.8085972432742546e-05 16
1755460915959 1.8097714002937544e-05 17
1755460919163 1.809568851980734e-05 18
1755460922363 1.8094953702529892e-05 19
1755460925450 1.8097561886746224e-05 20
1755460929427 1.809668475436385e-05 21
1755460932452 1.809236360092565e-05 22
1755460935432 1.8095961260935927e-05 23
1755460938397 1.809284787322866e-05 24
1755460941528 1.8093320765639335e-05 25
1755460944422 1.809426725179639e-05 26
1755460947439 1.8095654621915023e-05 27
1755460950383 1.809026662478675e-05 28
1755460953392 1.8095774832135517e-05 29
1755460956307 1.8087164588149802e-05 30
1755460959208 1.8092170640736352e-05 31
1755460962946 1.8092296578531755e-05 32
1755460965825 1.8089116565533914e-05 33
1755460968754 1.8083605757798888e-05 34
1755460971859 1.809238629506017e-05 35
1755460974785 1.8094539834403894e-05 36
1755460977980 1.8084040999050378e-05 37
1755460980885 1.8093072463978412e-05 38
1755460983880 1.809214481300829e-05 39
1755460987002 1.8092213475054605e-05 40
1755460862590 1.813458932791574e-05 0
