1755464953448 0.0009333999715212152 0
1755464953890 0.0009333999715212152 1
1755464954375 0.0009333999715212152 2
1755464954826 0.0009333999715212152 3
1755464955280 0.0009333999715212152 4
1755464955709 0.0009333999715212152 5
1755464956154 0.0009333999715212152 6
1755464956557 0.0009333999715212152 7
1755464956970 0.0009333999715212152 8
1755464957416 0.0009333999715212152 9
1755464957898 0.0009333999715212152 10
1755464958392 0.0009333999715212152 11
1755464958902 0.0004666999857606076 12
1755464959318 0.0004666999857606076 13
1755464959730 0.0004666999857606076 14
1755464960145 0.0004666999857606076 15
1755464960547 0.0004666999857606076 16
1755464953448 0.0009333999715212152 0
