1755464953434 9.973550831026452e-05 0
1755464953881 1.4941786982295266e-05 1
1755464954366 1.4880147562377846e-05 2
1755464954818 1.512322752919967e-05 3
1755464955271 1.5048693699424933e-05 4
1755464955699 1.4968902088899735e-05 5
1755464956145 1.494436310979706e-05 6
1755464956549 1.498464225083548e-05 7
1755464956962 1.5681772448975346e-05 8
1755464957408 1.5090032645405569e-05 9
1755464957889 1.488984366915247e-05 10
1755464958383 1.526669801218564e-05 11
1755464958893 1.5199011987273739e-05 12
1755464959310 1.4986931830662797e-05 13
1755464959721 1.496286433523762e-05 14
1755464960135 1.5012592744564504e-05 15
1755464960538 1.5062708371260669e-05 16
1755464953434 9.973550831026452e-05 0
