1755464759601 0.0 0
1755464761680 0.0 1
1755464763285 0.0 2
1755464764855 0.0 3
1755464766415 0.0 4
1755464767948 0.0 5
1755464769517 0.0 6
1755464771270 0.0 7
1755464772957 0.0 8
1755464774461 0.0 9
1755464775971 0.0 10
1755464777527 0.0 11
1755464779102 0.0 12
1755464780704 0.0 13
1755464782224 0.0 14
1755464783824 0.0 15
1755464785421 0.0 16
1755464787118 0.0 17
1755464788746 0.0 18
1755464790269 0.0 19
1755464791879 0.0 20
1755464793702 0.0 21
1755464795775 0.0 22
1755464797280 0.0 23
1755464798782 0.0 24
1755464800360 0.0 25
1755464801910 0.0 26
1755464803410 0.0 27
1755464804882 0.0 28
1755464806457 0.0 29
1755464808409 0.0 30
1755464810147 0.0 31
1755464811836 0.0 32
1755464813315 0.0 33
1755464814952 0.0 34
1755464816630 0.0 35
1755464759601 0.0 0
