1755464759585 0.0008378844922872896 0
1755464761675 0.0008378844922872896 1
1755464763281 0.0008378844922872896 2
1755464764851 0.0008378844922872896 3
1755464766411 0.0008378844922872896 4
1755464767944 0.0008378844922872896 5
1755464769513 0.0008378844922872896 6
1755464771265 0.0008378844922872896 7
1755464772953 0.0008378844922872896 8
1755464774456 0.0008378844922872896 9
1755464775967 0.0008378844922872896 10
1755464777522 0.0008378844922872896 11
1755464779098 0.0008378844922872896 12
1755464780699 0.0008378844922872896 13
1755464782220 0.0004189422461436448 14
1755464783820 0.0004189422461436448 15
1755464785417 0.0004189422461436448 16
1755464787114 0.0004189422461436448 17
1755464788742 0.0004189422461436448 18
1755464790264 0.0004189422461436448 19
1755464791875 0.0002094711230718224 20
1755464793689 0.0002094711230718224 21
1755464795770 0.0002094711230718224 22
1755464797275 0.0002094711230718224 23
1755464798778 0.0002094711230718224 24
1755464800356 0.0002094711230718224 25
1755464801905 0.0001047355615359112 26
1755464803406 0.0001047355615359112 27
1755464804878 0.0001047355615359112 28
1755464806453 0.0001047355615359112 29
1755464808404 0.0001047355615359112 30
1755464810143 0.0001047355615359112 31
1755464811832 5.23677807679556e-05 32
1755464813311 5.23677807679556e-05 33
1755464814948 5.23677807679556e-05 34
1755464816625 5.23677807679556e-05 35
1755464759585 0.0008378844922872896 0
