1755464759553 0.00011469568679350347 0
1755464761666 1.8519921991996147e-05 1
1755464763272 1.833013610253211e-05 2
1755464764843 1.834360628429711e-05 3
1755464766402 1.8362424432613717e-05 4
1755464767936 1.8375574046318356e-05 5
1755464769504 1.8362081112774806e-05 6
1755464771256 1.8159646867683425e-05 7
1755464772945 1.8367525652292e-05 8
1755464774448 1.8326861502085284e-05 9
1755464775959 1.8382981493168316e-05 10
1755464777513 1.835978461943815e-05 11
1755464779090 1.832463026819593e-05 12
1755464780691 1.8345128802446222e-05 13
1755464782211 1.835302775272256e-05 14
1755464783812 1.81794309746308e-05 15
1755464785408 1.814464870919988e-05 16
1755464787105 1.8172715227323556e-05 17
1755464788732 1.8186459251858614e-05 18
1755464790255 1.8190505099008873e-05 19
1755464791866 1.818682618173164e-05 20
1755464793663 1.8125865240172445e-05 21
1755464795761 1.8127055009757333e-05 22
1755464797266 1.8137396560171473e-05 23
1755464798768 1.8108847591936633e-05 24
1755464800347 1.813487174523532e-05 25
1755464801896 1.8124927218080518e-05 26
1755464803397 1.8105570636090677e-05 27
1755464804868 1.8098077310843994e-05 28
1755464806444 1.8108502470721772e-05 29
1755464808395 1.80933132799215e-05 30
1755464810134 1.8114199683238863e-05 31
1755464811822 1.810040202893964e-05 32
1755464813301 1.8096051856535807e-05 33
1755464814938 1.8074416565993912e-05 34
1755464816616 1.810039857189904e-05 35
1755464759553 0.00011469568679350347 0
