1755455601511 8.234562310084279e-05 0
1755455611214 8.234562310084279e-05 1
1755455621083 8.234562310084279e-05 2
1755455629954 8.234562310084279e-05 3
1755455638925 8.234562310084279e-05 4
1755455648703 8.234562310084279e-05 5
1755455658821 4.117281155042139e-05 6
1755455668468 4.117281155042139e-05 7
1755455677439 4.117281155042139e-05 8
1755455686320 4.117281155042139e-05 9
1755455696322 4.117281155042139e-05 10
1755455706041 4.117281155042139e-05 11
1755455715405 2.0586405775210696e-05 12
1755455724807 2.0586405775210696e-05 13
1755455733912 2.0586405775210696e-05 14
1755455742676 2.0586405775210696e-05 15
1755455753619 2.0586405775210696e-05 16
1755455763972 2.0586405775210696e-05 17
1755455773362 1.0293202887605348e-05 18
1755455782312 1.0293202887605348e-05 19
1755455601511 8.234562310084279e-05 0
