1755455601491 1.3265248068545537e-05 0
1755455611200 1.325856672651817e-05 1
1755455621075 1.3256816662962439e-05 2
1755455629947 1.32703569088447e-05 3
1755455638914 1.3264743969898518e-05 4
1755455648696 1.3265788321408327e-05 5
1755455658813 1.3259601590180852e-05 6
1755455668462 1.3250320010006619e-05 7
1755455677432 1.32502886804761e-05 8
1755455686313 1.3251819740749968e-05 9
1755455696314 1.3250032437749532e-05 10
1755455706034 1.3255199079199102e-05 11
1755455715397 1.3249749333004876e-05 12
1755455724799 1.3245479336542046e-05 13
1755455733905 1.3245073511359512e-05 14
1755455742668 1.3241809025138261e-05 15
1755455753608 1.3243372573227383e-05 16
1755455763958 1.3244875317372467e-05 17
1755455773349 1.3247343988223933e-05 18
1755455782305 1.3241428963734943e-05 19
1755455601491 1.3265248068545537e-05 0
