1755466959308 0.00019633872678248823 0
1755466965764 0.00019633872678248823 1
1755466972176 0.00019633872678248823 2
1755466978849 0.00019633872678248823 3
1755466985715 0.00019633872678248823 4
1755466993165 0.00019633872678248823 5
1755466999499 0.00019633872678248823 6
1755467006106 0.00019633872678248823 7
1755467012831 0.00019633872678248823 8
1755467019156 9.816936339124411e-05 9
1755467026517 9.816936339124411e-05 10
1755467032934 9.816936339124411e-05 11
1755467039463 9.816936339124411e-05 12
1755467045980 9.816936339124411e-05 13
1755466959308 0.00019633872678248823 0
