1755466959294 4.246535252781389e-05 0
1755466965753 4.245656763675514e-05 1
1755466972167 4.242216008994831e-05 2
1755466978839 4.242695447404039e-05 3
1755466985704 4.2385140479967206e-05 4
1755466993152 4.2381155758508684e-05 5
1755466999489 4.242417370881408e-05 6
1755467006096 4.243461799579375e-05 7
1755467012821 4.2412325484945596e-05 8
1755467019146 4.243627084175018e-05 9
1755467026507 4.236971389046241e-05 10
1755467032925 4.237341301936614e-05 11
1755467039453 4.237289177392951e-05 12
1755467045970 4.23647001831253e-05 13
1755466959294 4.246535252781389e-05 0
