1755457127685 8.795568671547272e-05 0
1755457128291 8.795568671547272e-05 1
1755457128874 8.795568671547272e-05 2
1755457129483 8.795568671547272e-05 3
1755457130089 8.795568671547272e-05 4
1755457130735 8.795568671547272e-05 5
1755457131432 8.795568671547272e-05 6
1755457132077 8.795568671547272e-05 7
1755457132727 4.397784335773636e-05 8
1755457133380 4.397784335773636e-05 9
1755457133989 4.397784335773636e-05 10
1755457134606 4.397784335773636e-05 11
1755457135204 4.397784335773636e-05 12
1755457127685 8.795568671547272e-05 0
