1755457127672 1.0229988978672551e-05 0
1755457128283 1.0246514199604616e-05 1
1755457128867 1.0256475333681493e-05 2
1755457129475 1.026032351442114e-05 3
1755457130082 1.025338291889314e-05 4
1755457130728 1.0229249521249038e-05 5
1755457131425 1.0254674228324206e-05 6
1755457132070 1.0251324583483454e-05 7
1755457132720 1.0247037338140055e-05 8
1755457133373 1.0248233875003747e-05 9
1755457133982 1.022510071025517e-05 10
1755457134599 1.0242535540581922e-05 11
1755457135197 1.0245035753590034e-05 12
1755457127672 1.0229988978672551e-05 0
