1755467275995 4.740093504172235e-05 0
1755467276602 4.740093504172235e-05 1
1755467277191 4.740093504172235e-05 2
1755467277835 4.740093504172235e-05 3
1755467278447 4.740093504172235e-05 4
1755467279081 4.740093504172235e-05 5
1755467279703 4.740093504172235e-05 6
1755467280349 4.740093504172235e-05 7
1755467280954 4.740093504172235e-05 8
1755467281540 4.740093504172235e-05 9
1755467282102 4.740093504172235e-05 10
1755467282666 4.740093504172235e-05 11
1755467283241 4.740093504172235e-05 12
1755467283860 2.3700467520861174e-05 13
1755467284474 2.3700467520861174e-05 14
1755467285080 2.3700467520861174e-05 15
1755467285685 2.3700467520861174e-05 16
1755467286286 2.3700467520861174e-05 17
1755467275995 4.740093504172235e-05 0
