1755467275979 2.5383546628952237e-05 0
1755467276592 2.519456489112186e-05 1
1755467277182 2.5234194700632626e-05 2
1755467277825 2.471016093543519e-05 3
1755467278437 2.5302250469394495e-05 4
1755467279071 2.5055994278359735e-05 5
1755467279693 2.5170473963953555e-05 6
1755467280340 2.5181379648777444e-05 7
1755467280944 2.528554419272537e-05 8
1755467281531 2.523943681312217e-05 9
1755467282092 2.489550107301594e-05 10
1755467282657 2.492247486688112e-05 11
1755467283227 2.5145076440160415e-05 12
1755467283850 2.5152166166332212e-05 13
1755467284464 2.5135711753550407e-05 14
1755467285070 2.5135149404708168e-05 15
1755467285675 2.5066259199361824e-05 16
1755467286276 2.4989219938023862e-05 17
1755467275979 2.5383546628952237e-05 0
