1755455192230 8.234562310084279e-05 0
1755455194487 8.234562310084279e-05 1
1755455196633 8.234562310084279e-05 2
1755455198985 8.234562310084279e-05 3
1755455200885 8.234562310084279e-05 4
1755455202795 8.234562310084279e-05 5
1755455204790 8.234562310084279e-05 6
1755455206902 8.234562310084279e-05 7
1755455209015 8.234562310084279e-05 8
1755455211307 8.234562310084279e-05 9
1755455213632 4.117281155042139e-05 10
1755455216065 4.117281155042139e-05 11
1755455219430 4.117281155042139e-05 12
1755455221891 4.117281155042139e-05 13
1755455223981 4.117281155042139e-05 14
1755455192230 8.234562310084279e-05 0
