1755455192215 1.3068956017191016e-05 0
1755455194479 1.3015922537614902e-05 1
1755455196625 1.3047312233790567e-05 2
1755455198976 1.3052828782024659e-05 3
1755455200878 1.3043625109787627e-05 4
1755455202788 1.3035371376344886e-05 5
1755455204783 1.303409827357882e-05 6
1755455206895 1.304142307491572e-05 7
1755455209007 1.3044783932920317e-05 8
1755455211299 1.303702317808789e-05 9
1755455213624 1.303527445019524e-05 10
1755455216056 1.3024957136207962e-05 11
1755455219422 1.3037395748126204e-05 12
1755455221884 1.3032459500144406e-05 13
1755455223973 1.3037022886765368e-05 14
1755455192215 1.3068956017191016e-05 0
