1754918238923 0.001 0
1754918247498 0.001 1
1754918255485 0.001 2
1754918262919 0.001 3
1754918270742 0.001 4
1754918279233 0.001 5
1754918287083 0.001 6
1754918295476 0.0005 7
1754918303328 0.0005 8
1754918310773 0.0005 9
1754918318482 0.0005 10
1754918326212 0.0005 11
1754918334150 0.0005 12
1754918342116 0.0005 13
1754918349955 0.00025 14
1754918357810 0.00025 15
1754918365267 0.00025 16
1754918373697 0.00025 17
1754918381551 0.00025 18
1754918389065 0.00025 19
1754918396694 0.000125 20
1754918404734 0.000125 21
1754918412147 0.000125 22
1754918419762 0.000125 23
1754918238923 0.001 0
