1754918238923 8.983068918684264e-05 0
1754918247498 3.781102657368543e-05 1
1754918255485 3.792223517448743e-05 2
1754918262919 3.793872596915109e-05 3
1754918270742 3.791006918835232e-05 4
1754918279233 3.789696420037501e-05 5
1754918287083 3.7926014753737636e-05 6
1754918295476 3.786233886955262e-05 7
1754918303328 3.777562361516855e-05 8
1754918310773 3.777544227717709e-05 9
1754918318482 3.7784827818500146e-05 10
1754918326212 3.775362092997182e-05 11
1754918334150 3.777822215720163e-05 12
1754918342116 3.778678962902484e-05 13
1754918349955 3.77968072228464e-05 14
1754918357810 3.7695877784904385e-05 15
1754918365267 3.770475941574891e-05 16
1754918373697 3.768940430102876e-05 17
1754918381551 3.768462967648384e-05 18
1754918389065 3.769857680409399e-05 19
1754918396694 3.769132675377162e-05 20
1754918404734 3.765990560042157e-05 21
1754918412147 3.764905480555481e-05 22
1754918419762 3.764276007756553e-05 23
1754918238923 8.983068918684264e-05 0
