1755463045857 1.821099974388834e-05 0
1755463049273 1.8191400219531177e-05 1
1755463052833 1.818512716796941e-05 2
1755463056294 1.819838526693864e-05 3
1755463059838 1.818408480457819e-05 4
1755463063513 1.818101092464825e-05 5
1755463067183 1.819284213531357e-05 6
1755463070793 1.8198336457656513e-05 7
1755463075611 1.8106798155309968e-05 8
1755463079075 1.813856753299878e-05 9
1755463082552 1.8132671161957904e-05 10
1755463086051 1.8109247021033632e-05 11
1755463045857 1.821099974388834e-05 0
