1755461644172 0.0 0
1755461644815 0.0 1
1755461645482 0.0 2
1755461646133 0.0 3
1755461646824 0.0 4
1755461647449 0.0 5
1755461648117 0.0 6
1755461648748 0.0 7
1755461649397 0.0 8
1755461650055 0.0 9
1755461650683 0.0 10
1755461651299 0.0 11
1755461651931 0.0 12
1755461652566 0.0 13
1755461653250 0.0 14
1755461653843 0.0 15
1755461654504 0.0 16
1755461655158 0.0 17
1755461655809 0.0 18
1755461656494 0.0 19
1755461657154 0.0 20
1755461657817 0.0 21
1755461659371 0.0 22
1755461660111 0.0 23
1755461660733 0.0 24
1755461661357 0.0 25
1755461661993 0.0 26
1755461662686 0.0 27
1755461644172 0.0 0
