1755461644165 1.7824503100969987e-05 0
1755461644811 1.7824503100969987e-05 1
1755461645478 1.7824503100969987e-05 2
1755461646129 1.7824503100969987e-05 3
1755461646820 1.7824503100969987e-05 4
1755461647445 1.7824503100969987e-05 5
1755461648112 8.912251550484993e-06 6
1755461648744 8.912251550484993e-06 7
1755461649393 8.912251550484993e-06 8
1755461650051 8.912251550484993e-06 9
1755461650679 8.912251550484993e-06 10
1755461651295 8.912251550484993e-06 11
1755461651927 4.456125775242497e-06 12
1755461652562 4.456125775242497e-06 13
1755461653246 4.456125775242497e-06 14
1755461653839 4.456125775242497e-06 15
1755461654500 4.456125775242497e-06 16
1755461655154 4.456125775242497e-06 17
1755461655805 2.2280628876212483e-06 18
1755461656490 2.2280628876212483e-06 19
1755461657150 2.2280628876212483e-06 20
1755461657813 2.2280628876212483e-06 21
1755461659366 2.2280628876212483e-06 22
1755461660107 2.2280628876212483e-06 23
1755461660729 1.1140314438106242e-06 24
1755461661353 1.1140314438106242e-06 25
1755461661988 1.1140314438106242e-06 26
1755461662680 1.1140314438106242e-06 27
1755461644165 1.7824503100969987e-05 0
