1755461644150 1.1227757519830134e-05 0
1755461644803 1.126017308610067e-05 1
1755461645470 1.1253372190568588e-05 2
1755461646121 1.1261315065355193e-05 3
1755461646812 1.1214477790498217e-05 4
1755461647437 1.1245905579121466e-05 5
1755461648104 1.1210728503222293e-05 6
1755461648735 1.1229605492334752e-05 7
1755461649385 1.1251285037054655e-05 8
1755461650043 1.1215881951722091e-05 9
1755461650669 1.121829822762515e-05 10
1755461651286 1.1244894033882548e-05 11
1755461651919 1.1177264571262512e-05 12
1755461652554 1.1251712664561316e-05 13
1755461653238 1.1241883095331949e-05 14
1755461653830 1.1236184925906952e-05 15
1755461654492 1.1247394689565072e-05 16
1755461655145 1.1242101458570945e-05 17
1755461655797 1.1258423673041809e-05 18
1755461656482 1.1193131732534714e-05 19
1755461657141 1.1227169941985347e-05 20
1755461657804 1.1231619355063246e-05 21
1755461659357 1.115370504062935e-05 22
1755461660098 1.1215930104637374e-05 23
1755461660721 1.1251390727582765e-05 24
1755461661343 1.1231700811179435e-05 25
1755461661980 1.1246077093322539e-05 26
1755461662671 1.1231697627947978e-05 27
1755461644150 1.1227757519830134e-05 0
