1755465217008 0.0004363306257631031 0
1755465218669 0.0004363306257631031 1
1755465220316 0.0004363306257631031 2
1755465221966 0.0004363306257631031 3
1755465223578 0.0004363306257631031 4
1755465225106 0.0004363306257631031 5
1755465226715 0.0004363306257631031 6
1755465228342 0.0004363306257631031 7
1755465230319 0.00021816531288155154 8
1755465231960 0.00021816531288155154 9
1755465233512 0.00021816531288155154 10
1755465235226 0.00021816531288155154 11
1755465236843 0.00021816531288155154 12
1755465238474 0.00021816531288155154 13
1755465240061 0.00010908265644077577 14
1755465241759 0.00010908265644077577 15
1755465243432 0.00010908265644077577 16
1755465245318 0.00010908265644077577 17
1755465246921 0.00010908265644077577 18
1755465248548 0.00010908265644077577 19
1755465250174 5.4541328220387885e-05 20
1755465252398 5.4541328220387885e-05 21
1755465254022 5.4541328220387885e-05 22
1755465217008 0.0004363306257631031 0
