1755465216986 1.9883734598230328e-05 0
1755465218660 1.8179350036007236e-05 1
1755465220307 1.8208397276038353e-05 2
1755465221958 1.8201594732833565e-05 3
1755465223568 1.819500397699889e-05 4
1755465225097 1.8213155166270386e-05 5
1755465226706 1.8193573044005514e-05 6
1755465228333 1.819654285164163e-05 7
1755465230310 1.8204475429203585e-05 8
1755465231952 1.811898190405539e-05 9
1755465233503 1.813069486199541e-05 10
1755465235216 1.8115373395758837e-05 11
1755465236834 1.8136876777544516e-05 12
1755465238463 1.8135265028037577e-05 13
1755465240052 1.8138514639797227e-05 14
1755465241750 1.8103866968373603e-05 15
1755465243422 1.8102856045797908e-05 16
1755465245309 1.8108859978998278e-05 17
1755465246913 1.8116057217284066e-05 18
1755465248539 1.8103505602750733e-05 19
1755465250150 1.8107175104836336e-05 20
1755465252389 1.8096183909402102e-05 21
1755465254013 1.8097868328816693e-05 22
1755465216986 1.9883734598230328e-05 0
