1755467077145 0.0 0
1755467077847 0.0 1
1755467078537 0.0 2
1755467079265 0.0 3
1755467080054 0.0 4
1755467080833 0.0 5
1755467081606 0.0 6
1755467082336 0.0 7
1755467083054 0.0 8
1755467083819 0.0 9
1755467084521 0.0 10
1755467085219 0.0 11
1755467085938 0.0 12
1755467086675 0.0 13
1755467087400 0.0 14
1755467088261 0.0 15
1755467088982 0.0 16
1755467089833 0.0 17
1755467090653 0.0 18
1755467091406 0.0 19
1755467092114 0.0 20
1755467092810 0.0 21
1755467093561 0.0 22
1755467094344 0.0 23
1755467077145 0.0 0
