1755467077138 9.271555169008299e-05 0
1755467077843 9.271555169008299e-05 1
1755467078532 9.271555169008299e-05 2
1755467079260 9.271555169008299e-05 3
1755467080045 9.271555169008299e-05 4
1755467080829 9.271555169008299e-05 5
1755467081601 4.6357775845041495e-05 6
1755467082332 4.6357775845041495e-05 7
1755467083050 4.6357775845041495e-05 8
1755467083814 4.6357775845041495e-05 9
1755467084516 4.6357775845041495e-05 10
1755467085215 4.6357775845041495e-05 11
1755467085934 2.3178887922520748e-05 12
1755467086671 2.3178887922520748e-05 13
1755467087396 2.3178887922520748e-05 14
1755467088255 2.3178887922520748e-05 15
1755467088977 2.3178887922520748e-05 16
1755467089828 2.3178887922520748e-05 17
1755467090648 1.1589443961260374e-05 18
1755467091402 1.1589443961260374e-05 19
1755467092110 1.1589443961260374e-05 20
1755467092805 1.1589443961260374e-05 21
1755467093557 1.1589443961260374e-05 22
1755467094340 1.1589443961260374e-05 23
1755467077138 9.271555169008299e-05 0
