1755467077112 2.420766031718813e-05 0
1755467077834 2.411829221683845e-05 1
1755467078522 2.4180683625817703e-05 2
1755467079249 2.4165093140077543e-05 3
1755467080036 2.4174852002130315e-05 4
1755467080820 2.4174753438660246e-05 5
1755467081591 2.4172974829211733e-05 6
1755467082322 2.416654048419034e-05 7
1755467083040 2.4166456754337398e-05 8
1755467083805 2.4150841462732894e-05 9
1755467084507 2.4173653038605983e-05 10
1755467085205 2.4180995163971874e-05 11
1755467085924 2.4175950824653944e-05 12
1755467086660 2.4141088089842835e-05 13
1755467087385 2.416828516063299e-05 14
1755467088242 2.4164294692264268e-05 15
1755467088968 2.4155447200243052e-05 16
1755467089818 2.4158381262345474e-05 17
1755467090639 2.416442763946324e-05 18
1755467091392 2.410803071006337e-05 19
1755467092100 2.4156650413441744e-05 20
1755467092795 2.416033765788662e-05 21
1755467093547 2.415090268057981e-05 22
1755467094329 2.414539627771025e-05 23
1755467077112 2.420766031718813e-05 0
