1755462566802 0.0001081672946454577 0
1755462569838 0.0001081672946454577 1
1755462572896 0.0001081672946454577 2
1755462577011 0.0001081672946454577 3
1755462579821 0.0001081672946454577 4
1755462582601 0.0001081672946454577 5
1755462585272 5.408364732272885e-05 6
1755462587980 5.408364732272885e-05 7
1755462591061 5.408364732272885e-05 8
1755462593689 5.408364732272885e-05 9
1755462596512 5.408364732272885e-05 10
1755462599341 5.408364732272885e-05 11
1755462602019 2.7041823661364425e-05 12
1755462604922 2.7041823661364425e-05 13
1755462607808 2.7041823661364425e-05 14
1755462611156 2.7041823661364425e-05 15
1755462566802 0.0001081672946454577 0
