1755462566783 1.8121343450281566e-05 0
1755462569829 1.8113167694972503e-05 1
1755462572888 1.8119839139639943e-05 2
1755462577003 1.8109059475380132e-05 3
1755462579813 1.8107895417434634e-05 4
1755462582592 1.811724609738954e-05 5
1755462585264 1.81130083188358e-05 6
1755462587972 1.8102395086502133e-05 7
1755462591052 1.810348765384077e-05 8
1755462593681 1.8069878691016716e-05 9
1755462596504 1.8091903915402825e-05 10
1755462599333 1.80852742474458e-05 11
1755462602010 1.8103730145463793e-05 12
1755462604913 1.8089576623341102e-05 13
1755462607799 1.8093241537922615e-05 14
1755462611133 1.8086626847806158e-05 15
1755462566783 1.8121343450281566e-05 0
