1755466543603 0.00019633872678248823 0
1755466546359 0.00019633872678248823 1
1755466549139 0.00019633872678248823 2
1755466552038 0.00019633872678248823 3
1755466554758 0.00019633872678248823 4
1755466557742 0.00019633872678248823 5
1755466560654 0.00019633872678248823 6
1755466563616 9.816936339124411e-05 7
1755466566462 9.816936339124411e-05 8
1755466569505 9.816936339124411e-05 9
1755466573903 9.816936339124411e-05 10
1755466576702 9.816936339124411e-05 11
1755466579460 9.816936339124411e-05 12
1755466582299 4.9084681695622056e-05 13
1755466585046 4.9084681695622056e-05 14
1755466543603 0.00019633872678248823 0
