1755466543589 2.4238121439709248e-05 0
1755466546350 2.4215819970640548e-05 1
1755466549129 2.4226480407547424e-05 2
1755466552028 2.42107941652954e-05 3
1755466554748 2.4234059318450415e-05 4
1755466557733 2.423976751143262e-05 5
1755466560644 2.4199682843371883e-05 6
1755466563607 2.426370000129467e-05 7
1755466566453 2.4202132043184363e-05 8
1755466569495 2.4196396963768077e-05 9
1755466573893 2.4193276127270294e-05 10
1755466576693 2.4197602834019322e-05 11
1755466579451 2.414493269196229e-05 12
1755466582289 2.416045262043151e-05 13
1755466585035 2.4161397854049535e-05 14
1755466543589 2.4238121439709248e-05 0
