1755463129753 0.0004854686167633443 0
1755463131082 0.0004854686167633443 1
1755463132378 0.0004854686167633443 2
1755463133690 0.0004854686167633443 3
1755463134946 0.0004854686167633443 4
1755463136217 0.0004854686167633443 5
1755463137595 0.0004854686167633443 6
1755463139187 0.0004854686167633443 7
1755463140499 0.0004854686167633443 8
1755463141717 0.00024273430838167215 9
1755463143309 0.00024273430838167215 10
1755463145185 0.00024273430838167215 11
1755463146616 0.00024273430838167215 12
1755463148023 0.00024273430838167215 13
1755463149406 0.00024273430838167215 14
1755463150734 0.00024273430838167215 15
1755463151944 0.00024273430838167215 16
1755463153304 0.00024273430838167215 17
1755463154638 0.00012136715419083608 18
1755463155968 0.00012136715419083608 19
1755463157358 0.00012136715419083608 20
1755463158689 0.00012136715419083608 21
1755463160064 0.00012136715419083608 22
1755463129753 0.0004854686167633443 0
