1755463129720 1.45273424577146e-05 0
1755463131073 1.4321808901192579e-05 1
1755463132369 1.4346362005359397e-05 2
1755463133682 1.4324907953564167e-05 3
1755463134938 1.4362600281588931e-05 4
1755463136209 1.4388581731134977e-05 5
1755463137587 1.4359371955245425e-05 6
1755463139177 1.4311626952857135e-05 7
1755463140491 1.431665787629968e-05 8
1755463141708 1.433704564720649e-05 9
1755463143286 1.4273385819679414e-05 10
1755463145177 1.4293131187728517e-05 11
1755463146605 1.4286598897182128e-05 12
1755463148014 1.4304894281903056e-05 13
1755463149398 1.4305967319802114e-05 14
1755463150725 1.4270099018176553e-05 15
1755463151935 1.42699535792738e-05 16
1755463153295 1.4293364400894942e-05 17
1755463154629 1.4295380162152202e-05 18
1755463155959 1.4183373193244573e-05 19
1755463157349 1.4208387269451015e-05 20
1755463158680 1.4238833885910401e-05 21
1755463160055 1.4255524154256872e-05 22
1755463129720 1.45273424577146e-05 0
