1755463453061 0.0 0
1755463458057 0.0 1
1755463463335 0.0 2
1755463468458 0.0 3
1755463473731 0.0 4
1755463478671 0.0 5
1755463484569 0.0 6
1755463489846 0.0 7
1755463495087 0.0 8
1755463500280 0.0 9
1755463505170 0.0 10
1755463510179 0.0 11
1755463515113 0.0 12
1755463520963 0.0 13
1755463526034 0.0 14
1755463531067 0.0 15
1755463536087 0.0 16
1755463541499 0.0 17
1755463546482 0.0 18
1755463551489 0.0 19
1755463557519 0.0 20
1755463562978 0.0 21
1755463568335 0.0 22
1755463573932 0.0 23
1755463578923 0.0 24
1755463583989 0.0 25
1755463453061 0.0 0
