1755463453055 0.00011204832589493713 0
1755463458053 0.00011204832589493713 1
1755463463331 0.00011204832589493713 2
1755463468454 0.00011204832589493713 3
1755463473727 0.00011204832589493713 4
1755463478667 0.00011204832589493713 5
1755463484564 0.00011204832589493713 6
1755463489842 0.00011204832589493713 7
1755463495083 0.00011204832589493713 8
1755463500276 0.00011204832589493713 9
1755463505166 0.00011204832589493713 10
1755463510175 0.00011204832589493713 11
1755463515108 0.00011204832589493713 12
1755463520959 5.6024162947468565e-05 13
1755463526030 5.6024162947468565e-05 14
1755463531063 5.6024162947468565e-05 15
1755463536081 5.6024162947468565e-05 16
1755463541495 5.6024162947468565e-05 17
1755463546477 5.6024162947468565e-05 18
1755463551485 2.8012081473734283e-05 19
1755463557515 2.8012081473734283e-05 20
1755463562974 2.8012081473734283e-05 21
1755463568330 2.8012081473734283e-05 22
1755463573927 2.8012081473734283e-05 23
1755463578919 2.8012081473734283e-05 24
1755463583984 1.4006040736867141e-05 25
1755463453055 0.00011204832589493713 0
