1755463453043 1.4283407406841162e-05 0
1755463458045 1.4293264433125282e-05 1
1755463463322 1.4285804088147833e-05 2
1755463468445 1.42778838640524e-05 3
1755463473719 1.4287015222576996e-05 4
1755463478659 1.428301082658452e-05 5
1755463484555 1.4278632749468799e-05 6
1755463489833 1.428822305591434e-05 7
1755463495074 1.4294881083329427e-05 8
1755463500267 1.4280990632512775e-05 9
1755463505157 1.427009285631656e-05 10
1755463510166 1.4294591598244152e-05 11
1755463515099 1.4290343648151309e-05 12
1755463520951 1.4263520869637763e-05 13
1755463526021 1.4269462114729356e-05 14
1755463531054 1.4274669014967791e-05 15
1755463536072 1.426610950691293e-05 16
1755463541487 1.4266951499345308e-05 17
1755463546469 1.4256161565381542e-05 18
1755463551477 1.4270101672138184e-05 19
1755463557506 1.4256278814740728e-05 20
1755463562965 1.426284650402367e-05 21
1755463568320 1.4262615408565025e-05 22
1755463573919 1.4241428598605462e-05 23
1755463578910 1.426146414452938e-05 24
1755463583976 1.4258866992928078e-05 25
1755463453043 1.4283407406841162e-05 0
