1755465539290 0.0005382440457412134 0
1755465543373 0.0005382440457412134 1
1755465547549 0.0005382440457412134 2
1755465551619 0.0005382440457412134 3
1755465555699 0.0005382440457412134 4
1755465559696 0.0005382440457412134 5
1755465563787 0.0005382440457412134 6
1755465567914 0.0002691220228706067 7
1755465572627 0.0002691220228706067 8
1755465576833 0.0002691220228706067 9
1755465581017 0.0002691220228706067 10
1755465585113 0.0002691220228706067 11
1755465589218 0.0002691220228706067 12
1755465593322 0.00013456101143530336 13
1755465597450 0.00013456101143530336 14
1755465601532 0.00013456101143530336 15
1755465606186 0.00013456101143530336 16
1755465610214 0.00013456101143530336 17
1755465614275 0.00013456101143530336 18
1755465618328 6.728050571765168e-05 19
1755465539290 0.0005382440457412134 0
