1755465539278 1.8308610654291352e-05 0
1755465543364 1.8245328256327897e-05 1
1755465547541 1.8222445324797047e-05 2
1755465551610 1.822456267970191e-05 3
1755465555690 1.8253041482341975e-05 4
1755465559687 1.8240929376319604e-05 5
1755465563779 1.8235204055932806e-05 6
1755465567905 1.8200201937771184e-05 7
1755465572619 1.813510034544763e-05 8
1755465576824 1.8155805959472224e-05 9
1755465581008 1.814611418537847e-05 10
1755465585104 1.8146056584581102e-05 11
1755465589209 1.8151611285042824e-05 12
1755465593313 1.8162372469587227e-05 13
1755465597442 1.8116217139437833e-05 14
1755465601524 1.812074062662516e-05 15
1755465606177 1.8103714756108903e-05 16
1755465610206 1.80935859666085e-05 17
1755465614266 1.812210396078434e-05 18
1755465618319 1.812869387437568e-05 19
1755465539278 1.8308610654291352e-05 0
