1754823563809 0.001 0
1754823571894 0.001 1
1754823580452 0.001 2
1754823588356 0.001 3
1754823596758 0.001 4
1754823604862 0.001 5
1754823613312 0.001 6
1754823621459 0.001 7
1754823629425 0.001 8
1754823637658 0.001 9
1754823645887 0.001 10
1754823654246 0.001 11
1754823662087 0.001 12
1754823670174 0.001 13
1754823678040 0.0005 14
1754823685947 0.0005 15
1754823693935 0.0005 16
1754823701882 0.0005 17
1754823709738 0.0005 18
1754823718109 0.0005 19
1754823726244 0.0005 20
1754823734356 0.0005 21
1754823742268 0.00025 22
1754823750380 0.00025 23
1754823758113 0.00025 24
1754823766535 0.00025 25
1754823774795 0.00025 26
1754823563809 0.001 0
