1754823563809 4.719341776951663e-05 0
1754823571894 1.5229057951346019e-05 1
1754823580452 1.526647989775547e-05 2
1754823588356 1.526451783084975e-05 3
1754823596758 1.5298089720971075e-05 4
1754823604862 1.5290315636410882e-05 5
1754823613312 1.5270736783606406e-05 6
1754823621459 1.5271607054352766e-05 7
1754823629425 1.5327366905456088e-05 8
1754823637658 1.5334084732135773e-05 9
1754823645887 1.529957389276345e-05 10
1754823654246 1.5279750224985214e-05 11
1754823662087 1.5313007757241275e-05 12
1754823670174 1.531147546640221e-05 13
1754823678040 1.530373579113018e-05 14
1754823685947 1.5204006744028747e-05 15
1754823693935 1.5194360632106655e-05 16
1754823701882 1.5209688660451738e-05 17
1754823709738 1.5211934452366352e-05 18
1754823718109 1.5207931368414809e-05 19
1754823726244 1.520225727010669e-05 20
1754823734356 1.5183328288065122e-05 21
1754823742268 1.5213093381385759e-05 22
1754823750380 1.5152904634465453e-05 23
1754823758113 1.5162048764017092e-05 24
1754823766535 1.51504948048001e-05 25
1754823774795 1.5148797598226328e-05 26
1754823563809 4.719341776951663e-05 0
