1755262050687 0.001 0
1755262052290 0.001 1
1755262053910 0.001 2
1755262055509 0.001 3
1755262057252 0.001 4
1755262059135 0.001 5
1755262060964 0.001 6
1755262062504 0.001 7
1755262064162 0.001 8
1755262065809 0.001 9
1755262067522 0.001 10
1755262069081 0.001 11
1755262070763 0.001 12
1755262072293 0.001 13
1755262073897 0.001 14
1755262075353 0.001 15
1755262076891 0.001 16
1755262078424 0.001 17
1755262080097 0.0005 18
1755262081757 0.0005 19
1755262083351 0.0005 20
1755262084854 0.0005 21
1755262086284 0.0005 22
1755262087831 0.0005 23
1755262089312 0.0005 24
1755262090958 0.00025 25
1755262092557 0.00025 26
1755262094266 0.00025 27
1755262095814 0.00025 28
1755262097500 0.00025 29
1755262050687 0.001 0
