1755262050687 0.00040796467395719244 0
1755262052290 5.035560668653084e-05 1
1755262053910 3.398061690758267e-05 2
1755262055509 2.841369262265895e-05 3
1755262057252 2.631436163937906e-05 4
1755262059135 2.6233848232853536e-05 5
1755262060964 2.578917057083648e-05 6
1755262062504 2.5434324108775602e-05 7
1755262064162 2.537171736750881e-05 8
1755262065809 2.540250951319144e-05 9
1755262067522 2.5231514573533787e-05 10
1755262069081 2.5492274091650163e-05 11
1755262070763 2.5478643399563024e-05 12
1755262072293 2.520919313408538e-05 13
1755262073897 2.548167673618688e-05 14
1755262075353 2.537620266593876e-05 15
1755262076891 2.538461516249097e-05 16
1755262078424 2.5435836218497976e-05 17
1755262080097 2.5411310707568192e-05 18
1755262081757 2.5212279724655672e-05 19
1755262083351 2.5170465936146986e-05 20
1755262084854 2.517590321682898e-05 21
1755262086284 2.5161906184318164e-05 22
1755262087831 2.52814303409347e-05 23
1755262089312 2.5146990539926466e-05 24
1755262090958 2.5311228142123176e-05 25
1755262092557 2.5089155189764115e-05 26
1755262094266 2.5057915366536083e-05 27
1755262095814 2.5092504998206602e-05 28
1755262097500 2.5185962644577052e-05 29
1755262050687 0.00040796467395719244 0
