1755454944043 0.0 0
1755454945300 0.0 1
1755454946694 0.0 2
1755454947971 0.0 3
1755454949156 0.0 4
1755454950458 0.0 5
1755454951720 0.0 6
1755454952933 0.0 7
1755454954117 0.0 8
1755454955781 0.0 9
1755454957485 0.0 10
1755454958834 0.0 11
1755454960166 0.0 12
1755454961426 0.0 13
1755454962573 0.0 14
1755454963719 0.0 15
1755454965009 0.0 16
1755454966428 0.0 17
1755454967711 0.0 18
1755454968892 0.0 19
1755454970075 0.0 20
1755454971203 0.0 21
1755454972448 0.0 22
1755454973549 0.0 23
1755454974693 0.0 24
1755454944043 0.0 0
