1755454944036 0.0003743700075829035 0
1755454945296 0.0003743700075829035 1
1755454946691 0.0003743700075829035 2
1755454947967 0.0003743700075829035 3
1755454949153 0.0003743700075829035 4
1755454950455 0.0003743700075829035 5
1755454951717 0.00018718500379145175 6
1755454952929 0.00018718500379145175 7
1755454954114 0.00018718500379145175 8
1755454955773 0.00018718500379145175 9
1755454957481 0.00018718500379145175 10
1755454958831 0.00018718500379145175 11
1755454960163 9.359250189572587e-05 12
1755454961422 9.359250189572587e-05 13
1755454962570 9.359250189572587e-05 14
1755454963716 9.359250189572587e-05 15
1755454965006 9.359250189572587e-05 16
1755454966424 9.359250189572587e-05 17
1755454967707 4.679625094786294e-05 18
1755454968888 4.679625094786294e-05 19
1755454970072 4.679625094786294e-05 20
1755454971200 4.679625094786294e-05 21
1755454972444 4.679625094786294e-05 22
1755454973546 4.679625094786294e-05 23
1755454974689 2.339812547393147e-05 24
1755454944036 0.0003743700075829035 0
