1755454944025 1.0422417729757472e-05 0
1755454945289 1.0312239032425644e-05 1
1755454946684 1.0327798157701921e-05 2
1755454947960 1.033522373121886e-05 3
1755454949146 1.033104101337716e-05 4
1755454950447 1.0319905737737545e-05 5
1755454951710 1.0337747943216592e-05 6
1755454952922 1.02871856114713e-05 7
1755454954107 1.0282917170735724e-05 8
1755454955746 1.0253368207011478e-05 9
1755454957474 1.0279192549479271e-05 10
1755454958824 1.0273531798115057e-05 11
1755454960155 1.0261703942260042e-05 12
1755454961415 1.02514687192782e-05 13
1755454962563 1.02478010802794e-05 14
1755454963709 1.0257824825621517e-05 15
1755454964998 1.0247105484847606e-05 16
1755454966417 1.0245847111398898e-05 17
1755454967700 1.0191192988142285e-05 18
1755454968881 1.0251334833408257e-05 19
1755454970064 1.0249551462191576e-05 20
1755454971192 1.022236688085632e-05 21
1755454972437 1.0242391502376763e-05 22
1755454973538 1.0239760289937093e-05 23
1755454974682 1.023311335153524e-05 24
1755454944025 1.0422417729757472e-05 0
