1755459401955 1.8880243581724525e-05 0
1755459406642 1.8880243581724525e-05 1
1755459410983 1.8880243581724525e-05 2
1755459415705 1.8880243581724525e-05 3
1755459421535 1.8880243581724525e-05 4
1755459425879 1.8880243581724525e-05 5
1755459430253 1.8880243581724525e-05 6
1755459434522 1.8880243581724525e-05 7
1755459438882 1.8880243581724525e-05 8
1755459443638 1.8880243581724525e-05 9
1755459447923 1.8880243581724525e-05 10
1755459452278 9.440121790862263e-06 11
1755459457447 9.440121790862263e-06 12
1755459461724 9.440121790862263e-06 13
1755459466119 9.440121790862263e-06 14
1755459470649 9.440121790862263e-06 15
1755459401955 1.8880243581724525e-05 0
