1755459401943 1.2107174713006567e-05 0
1755459406635 1.2109252693695357e-05 1
1755459410976 1.2109163141139695e-05 2
1755459415697 1.2106944766374612e-05 3
1755459421527 1.2107052832381717e-05 4
1755459425871 1.211089753053296e-05 5
1755459430245 1.2106152773354083e-05 6
1755459434514 1.2111021087621925e-05 7
1755459438875 1.2106472331718863e-05 8
1755459443630 1.2108393134853527e-05 9
1755459447915 1.2107924820762209e-05 10
1755459452271 1.21065291141269e-05 11
1755459457440 1.2105248984664707e-05 12
1755459461716 1.2106993586869995e-05 13
1755459466112 1.210666720196067e-05 14
1755459470641 1.2090903131663902e-05 15
1755459401943 1.2107174713006567e-05 0
