1755456254094 7.955439559453043e-05 0
1755456254544 7.955439559453043e-05 1
1755456255016 7.955439559453043e-05 2
1755456255464 7.955439559453043e-05 3
1755456255900 7.955439559453043e-05 4
1755456256332 7.955439559453043e-05 5
1755456256783 7.955439559453043e-05 6
1755456257218 3.9777197797265216e-05 7
1755456257658 3.9777197797265216e-05 8
1755456258100 3.9777197797265216e-05 9
1755456258530 3.9777197797265216e-05 10
1755456258955 3.9777197797265216e-05 11
1755456259401 3.9777197797265216e-05 12
1755456259836 1.9888598898632608e-05 13
1755456260277 1.9888598898632608e-05 14
1755456260761 1.9888598898632608e-05 15
1755456261222 1.9888598898632608e-05 16
1755456261663 1.9888598898632608e-05 17
1755456262132 1.9888598898632608e-05 18
1755456262599 9.944299449316304e-06 19
1755456254094 7.955439559453043e-05 0
