1755456254081 1.3044262215901523e-05 0
1755456254537 1.3018146172985975e-05 1
1755456255008 1.301832638286474e-05 2
1755456255457 1.3019397597093172e-05 3
1755456255893 1.3009688814236142e-05 4
1755456256324 1.3027407947317573e-05 5
1755456256776 1.302046189266548e-05 6
1755456257211 1.3035794998878763e-05 7
1755456257651 1.3002537538600986e-05 8
1755456258093 1.3004571940200549e-05 9
1755456258523 1.2927307880415486e-05 10
1755456258948 1.2986927791709085e-05 11
1755456259394 1.3008585158656518e-05 12
1755456259829 1.3022881440909778e-05 13
1755456260269 1.3018843162626581e-05 14
1755456260754 1.2987533515180466e-05 15
1755456261213 1.2995802454237751e-05 16
1755456261656 1.2994809294143903e-05 17
1755456262125 1.3011424982778408e-05 18
1755456262589 1.2928640598732142e-05 19
1755456254081 1.3044262215901523e-05 0
