1755462835082 0.000311551187134795 0
1755462836743 0.000311551187134795 1
1755462837689 0.000311551187134795 2
1755462838502 0.000311551187134795 3
1755462839325 0.000311551187134795 4
1755462840125 0.000311551187134795 5
1755462840924 0.000311551187134795 6
1755462841757 0.000311551187134795 7
1755462842617 0.000311551187134795 8
1755462843466 0.000311551187134795 9
1755462844348 0.0001557755935673975 10
1755462845176 0.0001557755935673975 11
1755462846026 0.0001557755935673975 12
1755462846818 0.0001557755935673975 13
1755462847630 0.0001557755935673975 14
1755462848436 0.0001557755935673975 15
1755462835082 0.000311551187134795 0
