1755462835069 1.5160819888900992e-05 0
1755462836721 1.502606213778433e-05 1
1755462837681 1.5027656364249456e-05 2
1755462838493 1.5021247008917271e-05 3
1755462839316 1.501453974128708e-05 4
1755462840116 1.5006668397583261e-05 5
1755462840916 1.497471210346443e-05 6
1755462841749 1.5039668077016749e-05 7
1755462842608 1.4995028430624708e-05 8
1755462843458 1.5004633634621964e-05 9
1755462844340 1.4972463588946994e-05 10
1755462845167 1.4962172079841756e-05 11
1755462846017 1.4974503289165244e-05 12
1755462846809 1.4955965915370533e-05 13
1755462847622 1.4973409751714176e-05 14
1755462848427 1.4963005055181253e-05 15
1755462835069 1.5160819888900992e-05 0
