1755456411513 3.351106800247471e-05 0
1755456412263 3.351106800247471e-05 1
1755456412880 3.351106800247471e-05 2
1755456413514 3.351106800247471e-05 3
1755456414128 3.351106800247471e-05 4
1755456414834 3.351106800247471e-05 5
1755456415487 3.351106800247471e-05 6
1755456416191 3.351106800247471e-05 7
1755456416809 1.6755534001237355e-05 8
1755456417917 1.6755534001237355e-05 9
1755456418825 1.6755534001237355e-05 10
1755456419483 1.6755534001237355e-05 11
1755456420145 1.6755534001237355e-05 12
1755456420788 1.6755534001237355e-05 13
1755456421430 8.377767000618677e-06 14
1755456422154 8.377767000618677e-06 15
1755456422791 8.377767000618677e-06 16
1755456423417 8.377767000618677e-06 17
1755456424045 8.377767000618677e-06 18
1755456424694 8.377767000618677e-06 19
1755456425373 4.188883500309339e-06 20
1755456411513 3.351106800247471e-05 0
