1755456411502 1.2973681001377762e-05 0
1755456412254 1.299080360338069e-05 1
1755456412872 1.2992592725627869e-05 2
1755456413507 1.2986043092918667e-05 3
1755456414121 1.2980515912935126e-05 4
1755456414827 1.297165356309701e-05 5
1755456415479 1.2921875241188121e-05 6
1755456416184 1.2974553393567995e-05 7
1755456416802 1.3024287408062005e-05 8
1755456417901 1.298772698378668e-05 9
1755456418818 1.2844502795214144e-05 10
1755456419475 1.2994620224812284e-05 11
1755456420138 1.2980533292810443e-05 12
1755456420780 1.2982947611460207e-05 13
1755456421423 1.2995872497510521e-05 14
1755456422146 1.2997500078881785e-05 15
1755456422784 1.3000326378330232e-05 16
1755456423410 1.2972862736303017e-05 17
1755456424038 1.291324069338121e-05 18
1755456424687 1.2998261305645948e-05 19
1755456425366 1.2929453270820496e-05 20
1755456411502 1.2973681001377762e-05 0
