1755456114454 1.2087168980248778e-05 0
1755456114978 1.2087168980248778e-05 1
1755456115530 1.2087168980248778e-05 2
1755456116064 1.2087168980248778e-05 3
1755456116607 1.2087168980248778e-05 4
1755456117096 1.2087168980248778e-05 5
1755456117629 6.043584490124389e-06 6
1755456118085 6.043584490124389e-06 7
1755456118587 6.043584490124389e-06 8
1755456119098 6.043584490124389e-06 9
1755456119605 6.043584490124389e-06 10
1755456120141 6.043584490124389e-06 11
1755456120652 3.0217922450621944e-06 12
1755456121147 3.0217922450621944e-06 13
1755456121658 3.0217922450621944e-06 14
1755456114454 1.2087168980248778e-05 0
