1755456114397 1.3011954576670956e-05 0
1755456114971 1.2997686001524147e-05 1
1755456115523 1.3016138154853252e-05 2
1755456116057 1.2996038102690883e-05 3
1755456116600 1.2992661692935923e-05 4
1755456117089 1.300299413742323e-05 5
1755456117622 1.3003320954599726e-05 6
1755456118078 1.3013336829966907e-05 7
1755456118579 1.3003277274492575e-05 8
1755456119091 1.3005425955725514e-05 9
1755456119598 1.2958694266477064e-05 10
1755456120133 1.3010908877017105e-05 11
1755456120644 1.3002494979121235e-05 12
1755456121140 1.2995112675590853e-05 13
1755456121650 1.2999147981775292e-05 14
1755456114397 1.3011954576670956e-05 0
