1755465165997 0.0004363306257631031 0
1755465167329 0.0004363306257631031 1
1755465169136 0.0004363306257631031 2
1755465171052 0.0004363306257631031 3
1755465172365 0.0004363306257631031 4
1755465173984 0.0004363306257631031 5
1755465175500 0.0004363306257631031 6
1755465176901 0.0004363306257631031 7
1755465178205 0.0004363306257631031 8
1755465179531 0.0004363306257631031 9
1755465180790 0.00021816531288155154 10
1755465182060 0.00021816531288155154 11
1755465183333 0.00021816531288155154 12
1755465184646 0.00021816531288155154 13
1755465186002 0.00021816531288155154 14
1755465187212 0.00021816531288155154 15
1755465188462 0.00010908265644077577 16
1755465189776 0.00010908265644077577 17
1755465191086 0.00010908265644077577 18
1755465192438 0.00010908265644077577 19
1755465193693 0.00010908265644077577 20
1755465194947 0.00010908265644077577 21
1755465165997 0.0004363306257631031 0
