1755465165985 1.7416612275752767e-05 0
1755465167321 1.6918854269349463e-05 1
1755465169119 1.6926960549550642e-05 2
1755465171044 1.698716474765715e-05 3
1755465172356 1.6960763154170087e-05 4
1755465173975 1.6970722447691146e-05 5
1755465175491 1.6929159912075345e-05 6
1755465176893 1.6976009508669105e-05 7
1755465178197 1.6954127428740354e-05 8
1755465179522 1.696458087036515e-05 9
1755465180781 1.6935008315587188e-05 10
1755465182050 1.690384262858886e-05 11
1755465183323 1.6889858542554826e-05 12
1755465184637 1.6898920511374803e-05 13
1755465185993 1.6886703152854932e-05 14
1755465187203 1.689544136960717e-05 15
1755465188453 1.6835706771260624e-05 16
1755465189767 1.6840707131061834e-05 17
1755465191077 1.6883569374672313e-05 18
1755465192426 1.68815512520048e-05 19
1755465193684 1.6855731805242107e-05 20
1755465194938 1.6852108823081135e-05 21
1755465165985 1.7416612275752767e-05 0
