1755467056371 9.271555169008299e-05 0
1755467057380 9.271555169008299e-05 1
1755467058098 9.271555169008299e-05 2
1755467058615 9.271555169008299e-05 3
1755467059123 9.271555169008299e-05 4
1755467059634 9.271555169008299e-05 5
1755467060045 9.271555169008299e-05 6
1755467060468 9.271555169008299e-05 7
1755467060868 9.271555169008299e-05 8
1755467061317 9.271555169008299e-05 9
1755467061741 9.271555169008299e-05 10
1755467062147 9.271555169008299e-05 11
1755467062552 4.6357775845041495e-05 12
1755467062928 4.6357775845041495e-05 13
1755467063358 4.6357775845041495e-05 14
1755467063755 4.6357775845041495e-05 15
1755467064172 4.6357775845041495e-05 16
1755467056371 9.271555169008299e-05 0
