1755467056355 2.512610801866024e-05 0
1755467057363 2.5183802195401353e-05 1
1755467058089 2.50015741833274e-05 2
1755467058605 2.5240468147041446e-05 3
1755467059114 2.5250940713952083e-05 4
1755467059624 2.5179289663025303e-05 5
1755467060036 2.4934356505665082e-05 6
1755467060458 2.5269009645192205e-05 7
1755467060858 2.4973139211810617e-05 8
1755467061308 2.5150966724719513e-05 9
1755467061731 2.522846407373436e-05 10
1755467062137 2.5137651126979936e-05 11
1755467062542 2.521214180226459e-05 12
1755467062919 2.5103998367822814e-05 13
1755467063348 2.506660644443896e-05 14
1755467063744 2.5170685826610266e-05 15
1755467064163 2.5153215855508196e-05 16
1755467056355 2.512610801866024e-05 0
