1755258793301 0.001 0
1755258794909 0.001 1
1755258796612 0.001 2
1755258798498 0.001 3
1755258799990 0.001 4
1755258801403 0.001 5
1755258803086 0.001 6
1755258804707 0.001 7
1755258806509 0.001 8
1755258807845 0.001 9
1755258809402 0.001 10
1755258811088 0.0005 11
1755258812555 0.0005 12
1755258813937 0.0005 13
1755258815266 0.0005 14
1755258816671 0.0005 15
1755258818269 0.0005 16
1755258819842 0.0005 17
1755258821285 0.0005 18
1755258822853 0.00025 19
1755258824525 0.00025 20
1755258826067 0.00025 21
1755258827770 0.00025 22
1755258829136 0.00025 23
1755258830440 0.00025 24
1755258831861 0.00025 25
1755258833367 0.00025 26
1755258834734 0.00025 27
1755258836077 0.00025 28
1755258837392 0.00025 29
1755258838824 0.000125 30
1755258840352 0.000125 31
1755258841932 0.000125 32
1755258843658 0.000125 33
1755258845225 0.000125 34
1755258793301 0.001 0
