1755258793301 0.0003141332382963608 0
1755258794909 3.437573235108478e-05 1
1755258796612 1.7336028732744226e-05 2
1755258798498 1.4636516966169842e-05 3
1755258799990 1.3515947327202108e-05 4
1755258801403 1.3366677002421864e-05 5
1755258803086 1.3239587655738837e-05 6
1755258804707 1.3053843241424247e-05 7
1755258806509 1.3107916316180813e-05 8
1755258807845 1.3095095773678622e-05 9
1755258809402 1.3144344675311004e-05 10
1755258811088 1.3165250960203897e-05 11
1755258812555 1.3054325375681704e-05 12
1755258813937 1.3061375577510463e-05 13
1755258815266 1.3088892893493822e-05 14
1755258816671 1.3114437414414068e-05 15
1755258818269 1.3050981312214087e-05 16
1755258819842 1.3093869068446414e-05 17
1755258821285 1.3067555223137283e-05 18
1755258822853 1.3037225018908631e-05 19
1755258824525 1.3011715284139629e-05 20
1755258826067 1.3084322399663505e-05 21
1755258827770 1.301861748086392e-05 22
1755258829136 1.3041692694362913e-05 23
1755258830440 1.3062697265316577e-05 24
1755258831861 1.3029893438619587e-05 25
1755258833367 1.3050799008043314e-05 26
1755258834734 1.3037222043345132e-05 27
1755258836077 1.3002515295536594e-05 28
1755258837392 1.306084446090002e-05 29
1755258838824 1.3051698537714806e-05 30
1755258840352 1.3026280281944006e-05 31
1755258841932 1.3017527943601535e-05 32
1755258843658 1.3005733164593242e-05 33
1755258845225 1.2977766690609213e-05 34
1755258793301 0.0003141332382963608 0
