1755464412449 2.8210351120557755e-05 0
1755464417993 2.8210351120557755e-05 1
1755464423482 2.8210351120557755e-05 2
1755464429127 2.8210351120557755e-05 3
1755464434667 2.8210351120557755e-05 4
1755464440339 2.8210351120557755e-05 5
1755464447076 2.8210351120557755e-05 6
1755464452656 1.4105175560278877e-05 7
1755464458268 1.4105175560278877e-05 8
1755464463837 1.4105175560278877e-05 9
1755464469333 1.4105175560278877e-05 10
1755464474834 1.4105175560278877e-05 11
1755464480919 1.4105175560278877e-05 12
1755464486391 7.052587780139439e-06 13
1755464491885 7.052587780139439e-06 14
1755464497432 7.052587780139439e-06 15
1755464412449 2.8210351120557755e-05 0
