1755464412437 1.686795761965875e-05 0
1755464417982 1.6840613308870505e-05 1
1755464423470 1.6879403059575183e-05 2
1755464429119 1.687385160608347e-05 3
1755464434659 1.6863280046338395e-05 4
1755464440330 1.687476395347347e-05 5
1755464447067 1.686122713850348e-05 6
1755464452648 1.6884981118791864e-05 7
1755464458259 1.681794961240032e-05 8
1755464463829 1.6864825666475413e-05 9
1755464469324 1.6870754432057658e-05 10
1755464474825 1.6871267577382226e-05 11
1755464480910 1.683775913820662e-05 12
1755464486383 1.6860675906585805e-05 13
1755464491877 1.687291162928614e-05 14
1755464497423 1.6789134366215092e-05 15
1755464412437 1.686795761965875e-05 0
