1755454795415 3.8536256902294385e-05 0
1755454799080 3.8536256902294385e-05 1
1755454802915 3.8536256902294385e-05 2
1755454806567 3.8536256902294385e-05 3
1755454810345 3.8536256902294385e-05 4
1755454813988 3.8536256902294385e-05 5
1755454817734 3.8536256902294385e-05 6
1755454821565 3.8536256902294385e-05 7
1755454825604 1.9268128451147193e-05 8
1755454829331 1.9268128451147193e-05 9
1755454833101 1.9268128451147193e-05 10
1755454836866 1.9268128451147193e-05 11
1755454840580 1.9268128451147193e-05 12
1755454844284 1.9268128451147193e-05 13
1755454847959 9.634064225573596e-06 14
1755454851710 9.634064225573596e-06 15
1755454855627 9.634064225573596e-06 16
1755454859386 9.634064225573596e-06 17
1755454795415 3.8536256902294385e-05 0
