1755454795401 1.323041894945593e-05 0
1755454799073 1.3222735284856113e-05 1
1755454802908 1.3229069528668853e-05 2
1755454806560 1.3229349626051992e-05 3
1755454810338 1.3227367505281178e-05 4
1755454813981 1.3225545975788859e-05 5
1755454817727 1.3231331771808922e-05 6
1755454821558 1.3209480057212403e-05 7
1755454825596 1.3218726670467212e-05 8
1755454829322 1.3221451429642033e-05 9
1755454833094 1.32253225144398e-05 10
1755454836858 1.3215146774890164e-05 11
1755454840572 1.3216542267580555e-05 12
1755454844277 1.3219439144130185e-05 13
1755454847952 1.3223048290955785e-05 14
1755454851701 1.3208816848678648e-05 15
1755454855620 1.3216634207000735e-05 16
1755454859378 1.321976036666496e-05 17
1755454795401 1.323041894945593e-05 0
