1755457764035 1.056094480732001e-05 0
1755457765370 1.056094480732001e-05 1
1755457766767 1.056094480732001e-05 2
1755457768173 1.056094480732001e-05 3
1755457770482 1.056094480732001e-05 4
1755457771833 1.056094480732001e-05 5
1755457773256 5.280472403660005e-06 6
1755457774673 5.280472403660005e-06 7
1755457775998 5.280472403660005e-06 8
1755457777304 5.280472403660005e-06 9
1755457778673 5.280472403660005e-06 10
1755457780020 5.280472403660005e-06 11
1755457781369 2.6402362018300026e-06 12
1755457782794 2.6402362018300026e-06 13
1755457784120 2.6402362018300026e-06 14
1755457785440 2.6402362018300026e-06 15
1755457786955 2.6402362018300026e-06 16
1755457788360 2.6402362018300026e-06 17
1755457789691 1.3201181009150013e-06 18
1755457791043 1.3201181009150013e-06 19
1755457792337 1.3201181009150013e-06 20
1755457793672 1.3201181009150013e-06 21
1755457794992 1.3201181009150013e-06 22
1755457764035 1.056094480732001e-05 0
