1755457764023 1.0138411744868532e-05 0
1755457765361 1.0222936138016906e-05 1
1755457766759 1.023252145962709e-05 2
1755457768166 1.016436529091828e-05 3
1755457770475 1.0197685780271202e-05 4
1755457771825 1.0229879822205008e-05 5
1755457773249 1.0186261679699082e-05 6
1755457774666 1.0235991687971693e-05 7
1755457775990 1.022358402823822e-05 8
1755457777296 1.021119406441438e-05 9
1755457778665 1.0227536614744102e-05 10
1755457780012 1.0218275933444618e-05 11
1755457781362 1.0234563829581664e-05 12
1755457782787 1.0197931543044167e-05 13
1755457784112 1.0210599127107488e-05 14
1755457785431 1.0195800696559657e-05 15
1755457786947 1.0189826066903353e-05 16
1755457788353 1.0204515762530413e-05 17
1755457789683 1.0122645341322977e-05 18
1755457791035 1.0220075809374332e-05 19
1755457792329 1.0219697681921679e-05 20
1755457793664 1.0227057865888402e-05 21
1755457794984 1.0238933179961695e-05 22
1755457764023 1.0138411744868532e-05 0
