1755465352081 0.0005382440457412134 0
1755465354798 0.0005382440457412134 1
1755465358216 0.0005382440457412134 2
1755465360842 0.0005382440457412134 3
1755465363556 0.0005382440457412134 4
1755465366172 0.0005382440457412134 5
1755465368892 0.0005382440457412134 6
1755465371645 0.0005382440457412134 7
1755465374211 0.0002691220228706067 8
1755465376963 0.0002691220228706067 9
1755465379619 0.0002691220228706067 10
1755465382260 0.0002691220228706067 11
1755465384938 0.0002691220228706067 12
1755465387546 0.0002691220228706067 13
1755465390757 0.00013456101143530336 14
1755465393465 0.00013456101143530336 15
1755465396056 0.00013456101143530336 16
1755465398651 0.00013456101143530336 17
1755465401358 0.00013456101143530336 18
1755465403990 0.00013456101143530336 19
1755465406614 6.728050571765168e-05 20
1755465409313 6.728050571765168e-05 21
1755465411978 6.728050571765168e-05 22
1755465352081 0.0005382440457412134 0
