1755465352068 1.456015031234368e-05 0
1755465354775 1.4378725825950182e-05 1
1755465358207 1.4354680099452654e-05 2
1755465360833 1.438775752831134e-05 3
1755465363547 1.436851413713799e-05 4
1755465366164 1.4366592315983487e-05 5
1755465368883 1.4372030412179062e-05 6
1755465371637 1.4372385770483936e-05 7
1755465374202 1.4403491294454879e-05 8
1755465376953 1.4300204598197632e-05 9
1755465379611 1.432345698316674e-05 10
1755465382251 1.4305178113799605e-05 11
1755465384929 1.4297975603232558e-05 12
1755465387537 1.4298934983718723e-05 13
1755465390732 1.4302474073701888e-05 14
1755465393456 1.4255627317705897e-05 15
1755465396047 1.4274900462730917e-05 16
1755465398642 1.4271439557192293e-05 17
1755465401349 1.4186674420938396e-05 18
1755465403982 1.4257292190557242e-05 19
1755465406605 1.4261186344596996e-05 20
1755465409304 1.4214765949017258e-05 21
1755465411970 1.4233959411606466e-05 22
1755465352068 1.456015031234368e-05 0
