1755465262857 0.0005382440457412134 0
1755465264110 0.0005382440457412134 1
1755465265335 0.0005382440457412134 2
1755465266549 0.0005382440457412134 3
1755465267780 0.0005382440457412134 4
1755465268975 0.0005382440457412134 5
1755465270177 0.0005382440457412134 6
1755465271383 0.0002691220228706067 7
1755465272554 0.0002691220228706067 8
1755465273755 0.0002691220228706067 9
1755465274970 0.0002691220228706067 10
1755465276184 0.0002691220228706067 11
1755465277409 0.0002691220228706067 12
1755465278615 0.00013456101143530336 13
1755465279780 0.00013456101143530336 14
1755465281006 0.00013456101143530336 15
1755465282193 0.00013456101143530336 16
1755465283365 0.00013456101143530336 17
1755465284580 0.00013456101143530336 18
1755465286207 6.728050571765168e-05 19
1755465262857 0.0005382440457412134 0
