1755465262841 1.555536558888499e-05 0
1755465264101 1.5052677505471885e-05 1
1755465265327 1.5036170948081104e-05 2
1755465266540 1.5070913694411761e-05 3
1755465267771 1.5089401496684981e-05 4
1755465268967 1.4927868473283265e-05 5
1755465270169 1.5050511730610846e-05 6
1755465271375 1.5052385728202872e-05 7
1755465272546 1.5002365850185534e-05 8
1755465273746 1.4974704819386326e-05 9
1755465274961 1.4962502502515105e-05 10
1755465276175 1.4999493276133893e-05 11
1755465277391 1.5018989383211842e-05 12
1755465278607 1.4976599962730169e-05 13
1755465279771 1.4944759576402638e-05 14
1755465280997 1.4957088629736453e-05 15
1755465282184 1.4930751279150303e-05 16
1755465283356 1.4967775817759893e-05 17
1755465284571 1.4948645018973497e-05 18
1755465286186 1.4953694598521647e-05 19
1755465262841 1.555536558888499e-05 0
