1755456213254 1.2087168980248778e-05 0
1755456215302 1.2087168980248778e-05 1
1755456217457 1.2087168980248778e-05 2
1755456219194 1.2087168980248778e-05 3
1755456221079 1.2087168980248778e-05 4
1755456222955 1.2087168980248778e-05 5
1755456224839 6.043584490124389e-06 6
1755456226623 6.043584490124389e-06 7
1755456228426 6.043584490124389e-06 8
1755456230232 6.043584490124389e-06 9
1755456232091 6.043584490124389e-06 10
1755456233821 6.043584490124389e-06 11
1755456235552 3.0217922450621944e-06 12
1755456237442 3.0217922450621944e-06 13
1755456239317 3.0217922450621944e-06 14
1755456241102 3.0217922450621944e-06 15
1755456242800 3.0217922450621944e-06 16
1755456244571 3.0217922450621944e-06 17
1755456247036 1.5108961225310972e-06 18
1755456213254 1.2087168980248778e-05 0
