1755456213231 1.3239814285991318e-05 0
1755456215295 1.3238912216160905e-05 1
1755456217450 1.323882643223634e-05 2
1755456219187 1.3237852627612546e-05 3
1755456221072 1.3237433901375764e-05 4
1755456222944 1.3239521250961586e-05 5
1755456224832 1.3236172835732619e-05 6
1755456226616 1.3238726730480882e-05 7
1755456228419 1.3237980954432766e-05 8
1755456230224 1.32341049025777e-05 9
1755456232084 1.3236065585811625e-05 10
1755456233814 1.323824255104881e-05 11
1755456235545 1.3234065850348331e-05 12
1755456237435 1.3238013672223683e-05 13
1755456239309 1.3214550050742871e-05 14
1755456241094 1.3236548173627969e-05 15
1755456242792 1.3235123046669428e-05 16
1755456244563 1.321786699553369e-05 17
1755456247028 1.3234860324393568e-05 18
1755456213231 1.3239814285991318e-05 0
