1755456664010 1.2134264510023388e-05 0
1755456665319 1.2134264510023388e-05 1
1755456667457 1.2134264510023388e-05 2
1755456671114 1.2134264510023388e-05 3
1755456673274 1.2134264510023388e-05 4
1755456675070 1.2134264510023388e-05 5
1755456676331 1.2134264510023388e-05 6
1755456677749 1.2134264510023388e-05 7
1755456679626 1.2134264510023388e-05 8
1755456681529 6.067132255011694e-06 9
1755456682772 6.067132255011694e-06 10
1755456684065 6.067132255011694e-06 11
1755456685333 6.067132255011694e-06 12
1755456687059 6.067132255011694e-06 13
1755456664010 1.2134264510023388e-05 0
