1755456663998 1.2122512335361749e-05 0
1755456665312 1.212935290983724e-05 1
1755456667449 1.2114559472940848e-05 2
1755456671096 1.2125984026437543e-05 3
1755456673255 1.209478446873939e-05 4
1755456675063 1.2129089857219644e-05 5
1755456676324 1.2091859191380482e-05 6
1755456677741 1.2089829161756344e-05 7
1755456679601 1.2102820311851888e-05 8
1755456681522 1.211934135265919e-05 9
1755456682765 1.2123642789126333e-05 10
1755456684058 1.2129509556924699e-05 11
1755456685325 1.2118028826080262e-05 12
1755456687040 1.2108026283599696e-05 13
1755456663998 1.2122512335361749e-05 0
