1755467242618 9.271555169008299e-05 0
1755467244222 9.271555169008299e-05 1
1755467245917 9.271555169008299e-05 2
1755467247455 9.271555169008299e-05 3
1755467249038 9.271555169008299e-05 4
1755467250596 9.271555169008299e-05 5
1755467252263 9.271555169008299e-05 6
1755467253872 4.6357775845041495e-05 7
1755467255520 4.6357775845041495e-05 8
1755467257131 4.6357775845041495e-05 9
1755467258804 4.6357775845041495e-05 10
1755467260419 4.6357775845041495e-05 11
1755467261985 4.6357775845041495e-05 12
1755467263628 2.3178887922520748e-05 13
1755467265150 2.3178887922520748e-05 14
1755467242618 9.271555169008299e-05 0
