1755467242604 4.2389279846980255e-05 0
1755467244213 4.232258232619552e-05 1
1755467245908 4.2353089555183526e-05 2
1755467247445 4.238583151228041e-05 3
1755467249029 4.237675689552234e-05 4
1755467250587 4.2302296596425814e-05 5
1755467252253 4.2162029451454907e-05 6
1755467253861 4.2353506315865244e-05 7
1755467255510 4.2357103261356606e-05 8
1755467257121 4.232728208061234e-05 9
1755467258794 4.231369063035419e-05 10
1755467260410 4.23505486969428e-05 11
1755467261976 4.233402451513666e-05 12
1755467263619 4.235697384958045e-05 13
1755467265140 4.2323388614138104e-05 14
1755467242604 4.2389279846980255e-05 0
