1755466764565 0.0 0
1755466769785 0.0 1
1755466774934 0.0 2
1755466780596 0.0 3
1755466785930 0.0 4
1755466791548 0.0 5
1755466797963 0.0 6
1755466803183 0.0 7
1755466808392 0.0 8
1755466813524 0.0 9
1755466818948 0.0 10
1755466824617 0.0 11
1755466831307 0.0 12
1755466836756 0.0 13
1755466842346 0.0 14
1755466847658 0.0 15
1755466852919 0.0 16
1755466858327 0.0 17
1755466863599 0.0 18
1755466870223 0.0 19
1755466875659 0.0 20
1755466880740 0.0 21
1755466886512 0.0 22
1755466891996 0.0 23
1755466897224 0.0 24
1755466903577 0.0 25
1755466764565 0.0 0
