1755466764554 0.00019633872678248823 0
1755466769780 0.00019633872678248823 1
1755466774930 0.00019633872678248823 2
1755466780592 0.00019633872678248823 3
1755466785925 0.00019633872678248823 4
1755466791543 0.00019633872678248823 5
1755466797958 0.00019633872678248823 6
1755466803178 0.00019633872678248823 7
1755466808387 9.816936339124411e-05 8
1755466813520 9.816936339124411e-05 9
1755466818944 9.816936339124411e-05 10
1755466824612 9.816936339124411e-05 11
1755466831301 9.816936339124411e-05 12
1755466836751 9.816936339124411e-05 13
1755466842342 4.9084681695622056e-05 14
1755466847654 4.9084681695622056e-05 15
1755466852914 4.9084681695622056e-05 16
1755466858320 4.9084681695622056e-05 17
1755466863594 4.9084681695622056e-05 18
1755466870218 4.9084681695622056e-05 19
1755466875654 2.4542340847811028e-05 20
1755466880735 2.4542340847811028e-05 21
1755466886507 2.4542340847811028e-05 22
1755466891991 2.4542340847811028e-05 23
1755466897216 2.4542340847811028e-05 24
1755466903573 2.4542340847811028e-05 25
1755466764554 0.00019633872678248823 0
