1755466764534 3.51000798737875e-05 0
1755466769771 3.508003490572097e-05 1
1755466774921 3.504994823566795e-05 2
1755466780582 3.508066184072995e-05 3
1755466785916 3.505774041857274e-05 4
1755466791534 3.50154391021028e-05 5
1755466797949 3.473910917586886e-05 6
1755466803169 3.505056357737098e-05 7
1755466808378 3.506743577867337e-05 8
1755466813510 3.5031895457213815e-05 9
1755466818932 3.504273379701579e-05 10
1755466824601 3.5035778945561e-05 11
1755466831287 3.504127174926365e-05 12
1755466836741 3.504026567002662e-05 13
1755466842332 3.501053424120008e-05 14
1755466847644 3.499740873884097e-05 15
1755466852904 3.5017233942370894e-05 16
1755466858309 3.499517679732023e-05 17
1755466863585 3.501540592105462e-05 18
1755466870207 3.499605580393861e-05 19
1755466875644 3.500064359187571e-05 20
1755466880725 3.5004595192771377e-05 21
1755466886497 3.500650426717489e-05 22
1755466891979 3.498968003746571e-05 23
1755466897203 3.499878636317266e-05 24
1755466903562 3.499424264270518e-05 25
1755466764534 3.51000798737875e-05 0
