1755457191976 8.795568671547272e-05 0
1755457193141 8.795568671547272e-05 1
1755457194238 8.795568671547272e-05 2
1755457195396 8.795568671547272e-05 3
1755457196582 8.795568671547272e-05 4
1755457197727 8.795568671547272e-05 5
1755457198874 8.795568671547272e-05 6
1755457199974 4.397784335773636e-05 7
1755457201130 4.397784335773636e-05 8
1755457202497 4.397784335773636e-05 9
1755457203687 4.397784335773636e-05 10
1755457204953 4.397784335773636e-05 11
1755457206064 4.397784335773636e-05 12
1755457207185 2.198892167886818e-05 13
1755457208587 2.198892167886818e-05 14
1755457209802 2.198892167886818e-05 15
1755457210939 2.198892167886818e-05 16
1755457212225 2.198892167886818e-05 17
1755457213505 2.198892167886818e-05 18
1755457214595 1.099446083943409e-05 19
1755457216052 1.099446083943409e-05 20
1755457217228 1.099446083943409e-05 21
1755457218484 1.099446083943409e-05 22
1755457191976 8.795568671547272e-05 0
