1755457191946 1.3147376873072093e-05 0
1755457193134 1.3245261576903512e-05 1
1755457194231 1.3250819230584878e-05 2
1755457195389 1.3231108783608885e-05 3
1755457196575 1.3226981510675285e-05 4
1755457197719 1.32382701308676e-05 5
1755457198867 1.3240072761386267e-05 6
1755457199967 1.3222982544606573e-05 7
1755457201122 1.321885217658638e-05 8
1755457202489 1.3228506631122252e-05 9
1755457203680 1.3177070558921943e-05 10
1755457204946 1.3248470927284653e-05 11
1755457206056 1.322924573379461e-05 12
1755457207177 1.3228028004527213e-05 13
1755457208579 1.3222132846176505e-05 14
1755457209795 1.3232980571784148e-05 15
1755457210931 1.3231976423524746e-05 16
1755457212217 1.3237777246841299e-05 17
1755457213497 1.3224658551025882e-05 18
1755457214588 1.32280831772003e-05 19
1755457216044 1.3225223892131187e-05 20
1755457217221 1.3226769938969463e-05 21
1755457218477 1.3223182575345488e-05 22
1755457191946 1.3147376873072093e-05 0
