1755457836130 1.056094480732001e-05 0
1755457839338 1.056094480732001e-05 1
1755457843380 1.056094480732001e-05 2
1755457845832 1.056094480732001e-05 3
1755457848290 1.056094480732001e-05 4
1755457851012 1.056094480732001e-05 5
1755457853598 1.056094480732001e-05 6
1755457856206 1.056094480732001e-05 7
1755457858773 5.280472403660005e-06 8
1755457861236 5.280472403660005e-06 9
1755457863985 5.280472403660005e-06 10
1755457866610 5.280472403660005e-06 11
1755457869197 5.280472403660005e-06 12
1755457871725 5.280472403660005e-06 13
1755457874242 2.6402362018300026e-06 14
1755457877929 2.6402362018300026e-06 15
1755457836130 1.056094480732001e-05 0
