1755457836117 1.3212783246522272e-05 0
1755457839316 1.3215158435411798e-05 1
1755457843373 1.3217755735400555e-05 2
1755457845825 1.320901683656912e-05 3
1755457848283 1.321670963309541e-05 4
1755457851005 1.3218203265761066e-05 5
1755457853591 1.321857671827784e-05 6
1755457856199 1.3222197438673383e-05 7
1755457858766 1.320775694853932e-05 8
1755457861229 1.321951871891992e-05 9
1755457863978 1.3222998094843805e-05 10
1755457866603 1.3210824466283897e-05 11
1755457869189 1.3218916229651678e-05 12
1755457871717 1.3220168800246908e-05 13
1755457874234 1.3213179979105077e-05 14
1755457877922 1.3207147768488349e-05 15
1755457836117 1.3212783246522272e-05 0
