1755467488270 0.0 0
1755467492124 0.0 1
1755467494702 0.0 2
1755467496997 0.0 3
1755467499799 0.0 4
1755467501844 0.0 5
1755467503762 0.0 6
1755467506220 0.0 7
1755467508726 0.0 8
1755467510636 0.0 9
1755467513105 0.0 10
1755467516190 0.0 11
1755467518203 0.0 12
1755467520242 0.0 13
1755467523037 0.0 14
1755467526459 0.0 15
1755467528638 0.0 16
1755467530549 0.0 17
1755467532819 0.0 18
1755467535295 0.0 19
1755467537150 0.0 20
1755467539118 0.0 21
1755467542849 0.0 22
1755467544773 0.0 23
1755467546643 0.0 24
1755467488270 0.0 0
