1755467488261 4.740093504172235e-05 0
1755467492116 4.740093504172235e-05 1
1755467494693 4.740093504172235e-05 2
1755467496992 4.740093504172235e-05 3
1755467499788 4.740093504172235e-05 4
1755467501840 4.740093504172235e-05 5
1755467503758 4.740093504172235e-05 6
1755467506205 4.740093504172235e-05 7
1755467508722 4.740093504172235e-05 8
1755467510632 4.740093504172235e-05 9
1755467513084 4.740093504172235e-05 10
1755467516186 4.740093504172235e-05 11
1755467518198 2.3700467520861174e-05 12
1755467520237 2.3700467520861174e-05 13
1755467523018 2.3700467520861174e-05 14
1755467526455 2.3700467520861174e-05 15
1755467528634 2.3700467520861174e-05 16
1755467530544 2.3700467520861174e-05 17
1755467532805 1.1850233760430587e-05 18
1755467535290 1.1850233760430587e-05 19
1755467537145 1.1850233760430587e-05 20
1755467539105 1.1850233760430587e-05 21
1755467542837 1.1850233760430587e-05 22
1755467544768 1.1850233760430587e-05 23
1755467546638 5.925116880215293e-06 24
1755467488261 4.740093504172235e-05 0
