1755467488246 3.503852330008727e-05 0
1755467492098 3.497833066097731e-05 1
1755467494673 3.5005997269443086e-05 2
1755467496983 3.4849809600070575e-05 3
1755467499763 3.49950337555441e-05 4
1755467501830 3.500705397407584e-05 5
1755467503748 3.502170223163724e-05 6
1755467506172 3.497384674391978e-05 7
1755467508712 3.499261342587271e-05 8
1755467510623 3.5022521786528154e-05 9
1755467513053 3.497715360255007e-05 10
1755467516176 3.500758452600715e-05 11
1755467518185 3.500330730464201e-05 12
1755467520228 3.501374201348056e-05 13
1755467522977 3.5015880303636365e-05 14
1755467526445 3.495870602102017e-05 15
1755467528624 3.4963571521187395e-05 16
1755467530535 3.496991402873055e-05 17
1755467532775 3.49986695227165e-05 18
1755467535281 3.5021479561692104e-05 19
1755467537136 3.501494076756334e-05 20
1755467539079 3.498439245919096e-05 21
1755467542817 3.492789598651608e-05 22
1755467544756 3.500628723398298e-05 23
1755467546628 3.497269350463793e-05 24
1755467488246 3.503852330008727e-05 0
