1755457985155 3.0035621080837923e-05 0
1755457987581 3.0035621080837923e-05 1
1755457989975 3.0035621080837923e-05 2
1755457992366 3.0035621080837923e-05 3
1755457995016 3.0035621080837923e-05 4
1755457997492 3.0035621080837923e-05 5
1755457999783 1.5017810540418961e-05 6
1755458002090 1.5017810540418961e-05 7
1755458004454 1.5017810540418961e-05 8
1755458006769 1.5017810540418961e-05 9
1755458009116 1.5017810540418961e-05 10
1755458011536 1.5017810540418961e-05 11
1755458013919 7.508905270209481e-06 12
1755458016224 7.508905270209481e-06 13
1755458018559 7.508905270209481e-06 14
1755458020932 7.508905270209481e-06 15
1755458023295 7.508905270209481e-06 16
1755457985155 3.0035621080837923e-05 0
