1755457985142 1.021984655735087e-05 0
1755457987573 1.018179752053286e-05 1
1755457989968 1.0220854804665416e-05 2
1755457992359 1.0239735709434268e-05 3
1755457994997 1.0230237051401085e-05 4
1755457997485 1.0223621250113753e-05 5
1755457999774 1.02347713452854e-05 6
1755458002082 1.0230597134841043e-05 7
1755458004447 1.0216834109682957e-05 8
1755458006761 1.0205862883144096e-05 9
1755458009109 1.0228314852458297e-05 10
1755458011529 1.0217290917482016e-05 11
1755458013911 1.0237288251143171e-05 12
1755458016216 1.019204981364369e-05 13
1755458018552 1.022207971695894e-05 14
1755458020925 1.0226026207636948e-05 15
1755458023288 1.0095263063607313e-05 16
1755457985142 1.021984655735087e-05 0
