1755456569641 1.2134264510023388e-05 0
1755456570252 1.2134264510023388e-05 1
1755456570875 1.2134264510023388e-05 2
1755456571492 1.2134264510023388e-05 3
1755456572123 1.2134264510023388e-05 4
1755456572743 1.2134264510023388e-05 5
1755456573323 6.067132255011694e-06 6
1755456573831 6.067132255011694e-06 7
1755456574356 6.067132255011694e-06 8
1755456574844 6.067132255011694e-06 9
1755456575371 6.067132255011694e-06 10
1755456575883 6.067132255011694e-06 11
1755456576400 3.033566127505847e-06 12
1755456576922 3.033566127505847e-06 13
1755456577459 3.033566127505847e-06 14
1755456577974 3.033566127505847e-06 15
1755456578500 3.033566127505847e-06 16
1755456579094 3.033566127505847e-06 17
1755456569641 1.2134264510023388e-05 0
