1755456569626 1.2835026865848869e-05 0
1755456570244 1.2905989272191867e-05 1
1755456570868 1.3010976487170079e-05 2
1755456571485 1.3131624886723743e-05 3
1755456572116 1.3060554589504715e-05 4
1755456572736 1.2989176205089528e-05 5
1755456573316 1.315288915396774e-05 6
1755456573824 1.3112736260981447e-05 7
1755456574349 1.3105311113163639e-05 8
1755456574837 1.3114225814867744e-05 9
1755456575364 1.3098253020871198e-05 10
1755456575876 1.2714143725712677e-05 11
1755456576393 1.3031308447931555e-05 12
1755456576915 1.3151041796597631e-05 13
1755456577452 1.2925638847346735e-05 14
1755456577967 1.304520227759812e-05 15
1755456578493 1.3078311010097175e-05 16
1755456579086 1.30858333332898e-05 17
1755456569626 1.2835026865848869e-05 0
