1755460773085 0.0 0
1755460775605 0.0 1
1755460778196 0.0 2
1755460780685 0.0 3
1755460783291 0.0 4
1755460785832 0.0 5
1755460788229 0.0 6
1755460790603 0.0 7
1755460793048 0.0 8
1755460795551 0.0 9
1755460798019 0.0 10
1755460800743 0.0 11
1755460804185 0.0 12
1755460806734 0.0 13
1755460809251 0.0 14
1755460811775 0.0 15
1755460814321 0.0 16
1755460817033 0.0 17
1755460819627 0.0 18
1755460822055 0.0 19
1755460824677 0.0 20
1755460827272 0.0 21
1755460829795 0.0 22
1755460832400 0.0 23
1755460773085 0.0 0
