1755460773079 0.00015443736184203317 0
1755460775601 0.00015443736184203317 1
1755460778193 0.00015443736184203317 2
1755460780681 0.00015443736184203317 3
1755460783287 0.00015443736184203317 4
1755460785828 0.00015443736184203317 5
1755460788225 0.00015443736184203317 6
1755460790599 0.00015443736184203317 7
1755460793044 0.00015443736184203317 8
1755460795547 0.00015443736184203317 9
1755460798015 7.721868092101658e-05 10
1755460800739 7.721868092101658e-05 11
1755460804181 7.721868092101658e-05 12
1755460806730 7.721868092101658e-05 13
1755460809246 7.721868092101658e-05 14
1755460811771 7.721868092101658e-05 15
1755460814317 3.860934046050829e-05 16
1755460817028 3.860934046050829e-05 17
1755460819622 3.860934046050829e-05 18
1755460822051 3.860934046050829e-05 19
1755460824673 3.860934046050829e-05 20
1755460827268 3.860934046050829e-05 21
1755460829791 1.9304670230254146e-05 22
1755460832396 1.9304670230254146e-05 23
1755460773079 0.00015443736184203317 0
