1755460773066 1.6921766441335158e-05 0
1755460775593 1.689261508276873e-05 1
1755460778184 1.6880920261007708e-05 2
1755460780673 1.689662059159008e-05 3
1755460783278 1.6860452335159137e-05 4
1755460785820 1.6888331048206492e-05 5
1755460788217 1.6891998603621023e-05 6
1755460790587 1.6883410976353868e-05 7
1755460793036 1.6868164351410392e-05 8
1755460795539 1.6816694311385935e-05 9
1755460798007 1.6882521436446642e-05 10
1755460800731 1.670436866269952e-05 11
1755460804173 1.6813354386413027e-05 12
1755460806722 1.6878264772867022e-05 13
1755460809238 1.6860511426271952e-05 14
1755460811762 1.6839324112150495e-05 15
1755460814309 1.687408142177222e-05 16
1755460817020 1.687127516785673e-05 17
1755460819613 1.6871804347532825e-05 18
1755460822042 1.687214774789139e-05 19
1755460824665 1.685349135318915e-05 20
1755460827258 1.6875374863468602e-05 21
1755460829781 1.686590169486564e-05 22
1755460832388 1.6862308645898135e-05 23
1755460773066 1.6921766441335158e-05 0
