1755461631865 1.7824503100969987e-05 0
1755461632249 1.7824503100969987e-05 1
1755461632648 1.7824503100969987e-05 2
1755461633031 1.7824503100969987e-05 3
1755461633426 1.7824503100969987e-05 4
1755461633817 1.7824503100969987e-05 5
1755461634246 1.7824503100969987e-05 6
1755461634626 1.7824503100969987e-05 7
1755461634993 1.7824503100969987e-05 8
1755461635375 1.7824503100969987e-05 9
1755461635799 8.912251550484993e-06 10
1755461636198 8.912251550484993e-06 11
1755461636577 8.912251550484993e-06 12
1755461636942 8.912251550484993e-06 13
1755461637297 8.912251550484993e-06 14
1755461631865 1.7824503100969987e-05 0
