1755461631836 1.489249682760731e-05 0
1755461632241 1.4842266157951858e-05 1
1755461632639 1.4837146799046813e-05 2
1755461633023 1.4933402228832295e-05 3
1755461633418 1.489649512872607e-05 4
1755461633809 1.4941597263324574e-05 5
1755461634237 1.4922984462373279e-05 6
1755461634618 1.4824753041661357e-05 7
1755461634984 1.4871252785399389e-05 8
1755461635367 1.4759149475399422e-05 9
1755461635790 1.4916402814638527e-05 10
1755461636190 1.4894608991003874e-05 11
1755461636569 1.4824326943393576e-05 12
1755461636934 1.4924510643205785e-05 13
1755461637289 1.489583378802958e-05 14
1755461631836 1.489249682760731e-05 0
