1755457600191 0.00023025044392488954 0
1755457608026 0.00023025044392488954 1
1755457615852 0.00023025044392488954 2
1755457623834 0.00023025044392488954 3
1755457632588 0.00023025044392488954 4
1755457640341 0.00023025044392488954 5
1755457648642 0.00011512522196244477 6
1755457656478 0.00011512522196244477 7
1755457664289 0.00011512522196244477 8
1755457672936 0.00011512522196244477 9
1755457680634 0.00011512522196244477 10
1755457688568 0.00011512522196244477 11
1755457696335 0.00011512522196244477 12
1755457704958 5.7562610981222384e-05 13
1755457712868 5.7562610981222384e-05 14
1755457720699 5.7562610981222384e-05 15
1755457728432 5.7562610981222384e-05 16
1755457737217 5.7562610981222384e-05 17
1755457600191 0.00023025044392488954 0
