1755457600179 1.3325578939443559e-05 0
1755457608018 1.3314876358952208e-05 1
1755457615845 1.328876894538044e-05 2
1755457623821 1.3306289031364014e-05 3
1755457632580 1.3307040829323383e-05 4
1755457640334 1.3302451157500097e-05 5
1755457648634 1.3307987468524692e-05 6
1755457656468 1.3253329360655953e-05 7
1755457664282 1.326064918789106e-05 8
1755457672929 1.326886559572309e-05 9
1755457680626 1.3267484605109523e-05 10
1755457688561 1.3261646611712696e-05 11
1755457696327 1.326463923923638e-05 12
1755457704950 1.3270645655433784e-05 13
1755457712860 1.3246689540791888e-05 14
1755457720692 1.324253054460643e-05 15
1755457728419 1.3250146637940846e-05 16
1755457737209 1.3243183518707292e-05 17
1755457600179 1.3325578939443559e-05 0
