1755463093651 0.0004854686167633443 0
1755463094147 0.0004854686167633443 1
1755463094652 0.0004854686167633443 2
1755463095184 0.0004854686167633443 3
1755463095713 0.0004854686167633443 4
1755463096211 0.0004854686167633443 5
1755463096743 0.0004854686167633443 6
1755463097254 0.0004854686167633443 7
1755463097789 0.0004854686167633443 8
1755463098287 0.00024273430838167215 9
1755463098868 0.00024273430838167215 10
1755463099365 0.00024273430838167215 11
1755463099864 0.00024273430838167215 12
1755463100372 0.00024273430838167215 13
1755463093651 0.0004854686167633443 0
