1755463093634 1.5405862549349486e-05 0
1755463094139 1.5021896501821175e-05 1
1755463094644 1.4997595087606896e-05 2
1755463095173 1.5067470201302058e-05 3
1755463095705 1.4932607760848831e-05 4
1755463096203 1.5029689734546992e-05 5
1755463096734 1.4988930550836293e-05 6
1755463097245 1.5021390489826964e-05 7
1755463097781 1.5047218653307937e-05 8
1755463098279 1.4805594357117765e-05 9
1755463098860 1.4923061038578972e-05 10
1755463099357 1.497043822545103e-05 11
1755463099855 1.4965713432957273e-05 12
1755463100364 1.4980436519960807e-05 13
1755463093634 1.5405862549349486e-05 0
