1755455445506 8.234562310084279e-05 0
1755455453837 8.234562310084279e-05 1
1755455461363 8.234562310084279e-05 2
1755455468615 8.234562310084279e-05 3
1755455476576 8.234562310084279e-05 4
1755455484118 8.234562310084279e-05 5
1755455492529 8.234562310084279e-05 6
1755455500922 8.234562310084279e-05 7
1755455508976 8.234562310084279e-05 8
1755455516282 4.117281155042139e-05 9
1755455523672 4.117281155042139e-05 10
1755455531858 4.117281155042139e-05 11
1755455539160 4.117281155042139e-05 12
1755455546619 4.117281155042139e-05 13
1755455445506 8.234562310084279e-05 0
