1755455445493 1.325529349012688e-05 0
1755455453830 1.3224549164473562e-05 1
1755455461356 1.3254605363687046e-05 2
1755455468607 1.3241362486431692e-05 3
1755455476569 1.32523073316806e-05 4
1755455484111 1.3234740712365378e-05 5
1755455492522 1.3253715524065279e-05 6
1755455500915 1.3244760756166656e-05 7
1755455508969 1.3245271628085782e-05 8
1755455516267 1.3232017212241052e-05 9
1755455523664 1.3222339825815752e-05 10
1755455531851 1.3230997477786421e-05 11
1755455539153 1.322132990091112e-05 12
1755455546612 1.3183740676030648e-05 13
1755455445493 1.325529349012688e-05 0
