1755959563890 2.7035380905241862e-05 0
1755959564136 2.732214749509391e-05 1
1755959564346 2.6609168859674052e-05 2
1755959564557 2.7092346105443236e-05 3
1755959564767 2.7089478377699074e-05 4
1755959564972 2.6952671851177003e-05 5
1755959565193 2.7038922144129175e-05 6
1755959565413 2.71633254972888e-05 7
1755959565623 2.712184429280266e-05 8
1755959565816 2.6430942489241717e-05 9
1755959566025 2.6106779508457596e-05 10
1755959566230 2.69711632427061e-05 11
1755959563890 2.7035380905241862e-05 0
