1755467629846 4.740093504172235e-05 0
1755467633455 4.740093504172235e-05 1
1755467637016 4.740093504172235e-05 2
1755467640893 4.740093504172235e-05 3
1755467644364 4.740093504172235e-05 4
1755467646788 4.740093504172235e-05 5
1755467649214 4.740093504172235e-05 6
1755467652810 2.3700467520861174e-05 7
1755467656606 2.3700467520861174e-05 8
1755467660003 2.3700467520861174e-05 9
1755467663065 2.3700467520861174e-05 10
1755467665593 2.3700467520861174e-05 11
1755467668872 2.3700467520861174e-05 12
1755467671257 1.1850233760430587e-05 13
1755467674793 1.1850233760430587e-05 14
