1755467629833 4.2383987622647364e-05 0
1755467633438 4.225740403435917e-05 1
1755467637007 4.236239761320007e-05 2
1755467640867 4.2287673284256476e-05 3
1755467644336 4.2361816687117804e-05 4
1755467646778 4.235517441270611e-05 5
1755467649204 4.2323021743900735e-05 6
1755467652781 4.236097056780655e-05 7
1755467656580 4.2332662773390986e-05 8
1755467659975 4.231632149321901e-05 9
1755467663055 4.233211791857562e-05 10
1755467665564 4.235915155269291e-05 11
1755467668863 4.237649245431372e-05 12
1755467671248 4.2387737832457904e-05 13
1755467674784 4.230649334563859e-05 14
