1755461669858 1.7824503100969987e-05 0
1755461670788 1.7824503100969987e-05 1
1755461671775 1.7824503100969987e-05 2
1755461672734 1.7824503100969987e-05 3
1755461673653 1.7824503100969987e-05 4
1755461674547 1.7824503100969987e-05 5
1755461675455 1.7824503100969987e-05 6
1755461676342 1.7824503100969987e-05 7
1755461677254 1.7824503100969987e-05 8
1755461678200 1.7824503100969987e-05 9
1755461679134 1.7824503100969987e-05 10
1755461680063 1.7824503100969987e-05 11
1755461680962 1.7824503100969987e-05 12
1755461681882 8.912251550484993e-06 13
1755461682794 8.912251550484993e-06 14
1755461683690 8.912251550484993e-06 15
1755461684665 8.912251550484993e-06 16
1755461685616 8.912251550484993e-06 17
1755461669858 1.7824503100969987e-05 0
