1755461669847 1.4261671206922448e-05 0
1755461670780 1.4243710518926759e-05 1
1755461671767 1.4234770408032038e-05 2
1755461672726 1.4239727670428693e-05 3
1755461673644 1.4241192189622191e-05 4
1755461674538 1.4232667915755027e-05 5
1755461675447 1.4229659582804956e-05 6
1755461676334 1.4249524108034914e-05 7
1755461677245 1.4235251075981925e-05 8
1755461678192 1.4244502102990415e-05 9
1755461679126 1.4159682276680114e-05 10
1755461680055 1.4251792893393191e-05 11
1755461680953 1.4203108361578094e-05 12
1755461681874 1.425242629225335e-05 13
1755461682786 1.4240399091517354e-05 14
1755461683682 1.4215934288586141e-05 15
1755461684657 1.4247843757723732e-05 16
1755461685607 1.424157810427406e-05 17
1755461669847 1.4261671206922448e-05 0
