1755463850307 0.0 0
1755463861126 0.0 1
1755463871637 0.0 2
1755463883672 0.0 3
1755463894366 0.0 4
1755463905506 0.0 5
1755463915795 0.0 6
1755463925578 0.0 7
1755463938491 0.0 8
1755463948879 0.0 9
1755463961748 0.0 10
1755463972276 0.0 11
1755463983345 0.0 12
1755463995105 0.0 13
1755464005730 0.0 14
1755464016204 0.0 15
1755464028078 0.0 16
1755464038384 0.0 17
1755464048739 0.0 18
1755464059177 0.0 19
1755464072017 0.0 20
1755464081963 0.0 21
1755464093411 0.0 22
1755464103745 0.0 23
1755464113509 0.0 24
1755464124767 0.0 25
1755464136209 0.0 26
1755464145936 0.0 27
1755464157530 0.0 28
1755464168959 0.0 29
1755463850307 0.0 0
