1755463850293 0.00011204832589493713 0
1755463861122 0.00011204832589493713 1
1755463871627 0.00011204832589493713 2
1755463883657 0.00011204832589493713 3
1755463894352 0.00011204832589493713 4
1755463905501 0.00011204832589493713 5
1755463915792 5.6024162947468565e-05 6
1755463925565 5.6024162947468565e-05 7
1755463938485 5.6024162947468565e-05 8
1755463948869 5.6024162947468565e-05 9
1755463961744 5.6024162947468565e-05 10
1755463972270 5.6024162947468565e-05 11
1755463983334 2.8012081473734283e-05 12
1755463995099 2.8012081473734283e-05 13
1755464005726 2.8012081473734283e-05 14
1755464016193 2.8012081473734283e-05 15
1755464028074 2.8012081473734283e-05 16
1755464038380 2.8012081473734283e-05 17
1755464048735 1.4006040736867141e-05 18
1755464059159 1.4006040736867141e-05 19
1755464072013 1.4006040736867141e-05 20
1755464081959 1.4006040736867141e-05 21
1755464093396 1.4006040736867141e-05 22
1755464103740 1.4006040736867141e-05 23
1755464113505 7.003020368433571e-06 24
1755464124762 7.003020368433571e-06 25
1755464136204 7.003020368433571e-06 26
1755464145932 7.003020368433571e-06 27
1755464157520 7.003020368433571e-06 28
1755464168954 7.003020368433571e-06 29
1755463850293 0.00011204832589493713 0
