1755463850256 1.8141125527878857e-05 0
1755463861113 1.8125087478292507e-05 1
1755463871606 1.813898690092571e-05 2
1755463883628 1.8134696008401784e-05 3
1755463894318 1.8115297005009086e-05 4
1755463905484 1.8139816378908096e-05 5
1755463915783 1.8133744313065785e-05 6
1755463925537 1.810917445660655e-05 7
1755463938472 1.8116634410963457e-05 8
1755463948847 1.811673886514898e-05 9
1755463961735 1.8110674887884992e-05 10
1755463972259 1.8111135505719943e-05 11
1755463983311 1.811590011228213e-05 12
1755463995082 1.8103904121352265e-05 13
1755464005717 1.8098436097897267e-05 14
1755464016180 1.8098099088678616e-05 15
1755464028065 1.8103927318070675e-05 16
1755464038371 1.810369127817569e-05 17
1755464048726 1.8102455600724875e-05 18
1755464059118 1.8095291666277646e-05 19
1755464072004 1.8095601270963823e-05 20
1755464081950 1.8098889416156567e-05 21
1755464093362 1.8099134440714333e-05 22
1755464103730 1.8094180628030328e-05 23
1755464113496 1.8094684753097526e-05 24
1755464124752 1.8094835642751976e-05 25
1755464136194 1.8092662406763314e-05 26
1755464145923 1.8096025597077976e-05 27
1755464157508 1.809006890015822e-05 28
1755464168939 1.8094798432129287e-05 29
1755463850256 1.8141125527878857e-05 0
