1755464201041 2.8210351120557755e-05 0
1755464203060 2.8210351120557755e-05 1
1755464205076 2.8210351120557755e-05 2
1755464207112 2.8210351120557755e-05 3
1755464209120 2.8210351120557755e-05 4
1755464211138 2.8210351120557755e-05 5
1755464213217 2.8210351120557755e-05 6
1755464215232 2.8210351120557755e-05 7
1755464217234 2.8210351120557755e-05 8
1755464219250 1.4105175560278877e-05 9
1755464221304 1.4105175560278877e-05 10
1755464223346 1.4105175560278877e-05 11
1755464225328 1.4105175560278877e-05 12
1755464227353 1.4105175560278877e-05 13
1755464201041 2.8210351120557755e-05 0
