1755464201028 1.4966803990189095e-05 0
1755464203052 1.4842596970408653e-05 1
1755464205068 1.4847504855554558e-05 2
1755464207103 1.4947455351180647e-05 3
1755464209111 1.4938190393617593e-05 4
1755464211130 1.4854323012514214e-05 5
1755464213208 1.494065639105559e-05 6
1755464215222 1.4952432431008284e-05 7
1755464217226 1.4923640817089887e-05 8
1755464219241 1.494954588159609e-05 9
1755464221295 1.4952565631379652e-05 10
1755464223337 1.4935667877580272e-05 11
1755464225319 1.4938836735771993e-05 12
1755464227344 1.4943254322068761e-05 13
1755464201028 1.4966803990189095e-05 0
