1754915768114 4.0913148480423296e-05 0
1754915776477 1.5253097117031018e-05 1
1754915784781 1.5272242518559887e-05 2
1754915793389 1.5255977329629525e-05 3
1754915801771 1.526517186459048e-05 4
1754915810729 1.5297053856577604e-05 5
1754915820019 1.5274101404435572e-05 6
1754915828750 1.528869350653122e-05 7
1754915837698 1.532177243261055e-05 8
1754915846448 1.530386943947733e-05 9
1754915855002 1.5291780086693382e-05 10
1754915863626 1.5291822793663863e-05 11
1754915872680 1.5285169517906606e-05 12
1754915881460 1.5286957124886836e-05 13
1754915890677 1.521328875310667e-05 14
1754915899899 1.5179001899790224e-05 15
1754915909035 1.5216108809990352e-05 16
1754915917753 1.5212077211739624e-05 17
1754915768114 4.0913148480423296e-05 0
