1755959572354 2.3579619734776385e-05 0
1755959572740 2.3556156534491142e-05 1
1755959573145 2.3558686273015785e-05 2
1755959573531 2.3565226071626126e-05 3
1755959573894 2.3561789398977104e-05 4
1755959574306 2.3563957326517153e-05 5
1755959574689 2.3562139582421738e-05 6
1755959575058 2.354741025975762e-05 7
1755959575460 2.3561159035195417e-05 8
1755959575812 2.3561073780561295e-05 9
1755959576177 2.3560714670076358e-05 10
1755959576544 2.3560872264519834e-05 11
1755959576891 2.3556121427995655e-05 12
1755959577279 2.3560119972479208e-05 13
1755959577680 2.355900798228014e-05 14
1755959578063 2.355545998747962e-05 15
1755959578453 2.3555328516522424e-05 16
1755959572354 2.3579619734776385e-05 0
