1755456129431 1.2087168980248778e-05 0
1755456130276 1.2087168980248778e-05 1
1755456131035 1.2087168980248778e-05 2
1755456131864 1.2087168980248778e-05 3
1755456132663 1.2087168980248778e-05 4
1755456133520 1.2087168980248778e-05 5
1755456134431 1.2087168980248778e-05 6
1755456135426 6.043584490124389e-06 7
1755456136229 6.043584490124389e-06 8
1755456137039 6.043584490124389e-06 9
1755456137797 6.043584490124389e-06 10
1755456138558 6.043584490124389e-06 11
1755456139309 6.043584490124389e-06 12
1755456140068 3.0217922450621944e-06 13
1755456140873 3.0217922450621944e-06 14
1755456141690 3.0217922450621944e-06 15
1755456129431 1.2087168980248778e-05 0
