1755456129400 1.0238309074435342e-05 0
1755456130269 1.0235378255929069e-05 1
1755456131027 1.0241481520733137e-05 2
1755456131857 1.0209348006476597e-05 3
1755456132656 1.022906319556456e-05 4
1755456133512 1.0222667580529939e-05 5
1755456134424 1.02301868762686e-05 6
1755456135418 1.0227781415706298e-05 7
1755456136222 1.0224881465691663e-05 8
1755456137031 1.0219899251703193e-05 9
1755456137790 1.0241438323759115e-05 10
1755456138551 1.0234851553864609e-05 11
1755456139302 1.0240092895368981e-05 12
1755456140061 1.0214503066713687e-05 13
1755456140866 1.0235622640374885e-05 14
1755456141683 1.0216486433199483e-05 15
1755456129400 1.0238309074435342e-05 0
