1755461052852 1.619371134011141e-05 0
1755461057754 1.619371134011141e-05 1
1755461062154 1.619371134011141e-05 2
1755461066576 1.619371134011141e-05 3
1755461070948 1.619371134011141e-05 4
1755461075345 1.619371134011141e-05 5
1755461080948 1.619371134011141e-05 6
1755461085280 8.096855670055705e-06 7
1755461089870 8.096855670055705e-06 8
1755461094180 8.096855670055705e-06 9
1755461098850 8.096855670055705e-06 10
1755461103584 8.096855670055705e-06 11
1755461108131 8.096855670055705e-06 12
1755461112589 4.0484278350278525e-06 13
1755461052852 1.619371134011141e-05 0
