1755461052836 1.1270309352738901e-05 0
1755461057745 1.1239506431243211e-05 1
1755461062147 1.126193590313952e-05 2
1755461066568 1.1248979655116208e-05 3
1755461070940 1.1260126142994434e-05 4
1755461075337 1.1268633694519052e-05 5
1755461080939 1.127444962087117e-05 6
1755461085271 1.1249937055992584e-05 7
1755461089862 1.1271803611284707e-05 8
1755461094172 1.1257877627363126e-05 9
1755461098842 1.1269684804538135e-05 10
1755461103576 1.12690753460014e-05 11
1755461108122 1.1265585649037356e-05 12
1755461112581 1.1270312541755308e-05 13
1755461052836 1.1270309352738901e-05 0
