1755462105309 0.0003093476081664604 0
1755462111396 0.0003093476081664604 1
1755462117443 0.0003093476081664604 2
1755462122529 0.0003093476081664604 3
1755462128296 0.0003093476081664604 4
1755462134388 0.0003093476081664604 5
1755462140206 0.0003093476081664604 6
1755462146818 0.0003093476081664604 7
1755462154103 0.0003093476081664604 8
1755462159155 0.0003093476081664604 9
1755462164622 0.0003093476081664604 10
1755462171243 0.0003093476081664604 11
1755462176865 0.0001546738040832302 12
1755462181273 0.0001546738040832302 13
1755462187421 0.0001546738040832302 14
1755462194671 0.0001546738040832302 15
1755462199665 0.0001546738040832302 16
1755462105309 0.0003093476081664604 0
