1755462105284 1.7006794181835065e-05 0
1755462111388 1.6980119394097677e-05 1
1755462117420 1.698658116730747e-05 2
1755462122520 1.6976836841322537e-05 3
1755462128285 1.697551848952411e-05 4
1755462134380 1.6964352310244247e-05 5
1755462140197 1.6980949491411154e-05 6
1755462146809 1.698957659835207e-05 7
1755462154095 1.6984410980022894e-05 8
1755462159146 1.698642795667843e-05 9
1755462164614 1.6986639215057228e-05 10
1755462171235 1.6963209960662287e-05 11
1755462176857 1.6981802004770692e-05 12
1755462181263 1.690344901797309e-05 13
1755462187412 1.6909089338066852e-05 14
1755462194650 1.691138429628104e-05 15
1755462199656 1.692256746662099e-05 16
1755462105284 1.7006794181835065e-05 0
