1755459720189 1.8880243581724525e-05 0
1755459728281 1.8880243581724525e-05 1
1755459736539 1.8880243581724525e-05 2
1755459746334 1.8880243581724525e-05 3
1755459754774 1.8880243581724525e-05 4
1755459762875 1.8880243581724525e-05 5
1755459770855 1.8880243581724525e-05 6
1755459779748 1.8880243581724525e-05 7
1755459787792 1.8880243581724525e-05 8
1755459795911 9.440121790862263e-06 9
1755459804333 9.440121790862263e-06 10
1755459812490 9.440121790862263e-06 11
1755459821336 9.440121790862263e-06 12
1755459829347 9.440121790862263e-06 13
1755459837632 9.440121790862263e-06 14
1755459846338 9.440121790862263e-06 15
1755459856056 9.440121790862263e-06 16
1755459864290 9.440121790862263e-06 17
1755459872959 4.720060895431131e-06 18
1755459881222 4.720060895431131e-06 19
1755459890255 4.720060895431131e-06 20
1755459898797 4.720060895431131e-06 21
1755459906958 4.720060895431131e-06 22
1755459720189 1.8880243581724525e-05 0
