1755459720156 1.3408510539439344e-05 0
1755459728273 1.340530118903336e-05 1
1755459736532 1.3407900221891972e-05 2
1755459746326 1.3411746623085472e-05 3
1755459754760 1.3401934030267919e-05 4
1755459762867 1.3406396562792802e-05 5
1755459770847 1.3405191334710785e-05 6
1755459779740 1.3406490411816339e-05 7
1755459787785 1.339990801447936e-05 8
1755459795904 1.3407630902499996e-05 9
1755459804325 1.340639354059697e-05 10
1755459812482 1.3404029678622663e-05 11
1755459821329 1.3398660297538005e-05 12
1755459829339 1.340692245571501e-05 13
1755459837624 1.3407157251623473e-05 14
1755459846330 1.3403624300879781e-05 15
1755459856048 1.340539240617758e-05 16
1755459864283 1.339529348348167e-05 17
1755459872912 1.3406554626802532e-05 18
1755459881214 1.3399462892945757e-05 19
1755459890248 1.340555477917552e-05 20
1755459898789 1.3394399061946373e-05 21
1755459906946 1.3402325619895327e-05 22
1755459720156 1.3408510539439344e-05 0
