1755463168586 0.0 0
1755463170509 0.0 1
1755463172274 0.0 2
1755463173937 0.0 3
1755463175599 0.0 4
1755463177231 0.0 5
1755463179967 0.0 6
1755463181599 0.0 7
1755463183177 0.0 8
1755463184857 0.0 9
1755463186529 0.0 10
1755463188257 0.0 11
1755463189999 0.0 12
1755463191920 0.0 13
1755463193541 0.0 14
1755463195292 0.0 15
1755463196944 0.0 16
1755463198696 0.0 17
1755463200334 0.0 18
1755463201886 0.0 19
1755463203583 0.0 20
1755463205460 0.0 21
1755463207224 0.0 22
1755463208890 0.0 23
1755463210542 0.0 24
1755463212106 0.0 25
1755463214651 0.0 26
1755463216387 0.0 27
1755463218121 0.0 28
1755463219887 0.0 29
1755463221780 0.0 30
1755463223720 0.0 31
1755463225412 0.0 32
1755463226965 0.0 33
1755463228955 0.0 34
1755463230659 0.0 35
1755463232281 0.0 36
1755463233863 0.0 37
1755463235608 0.0 38
1755463237424 0.0 39
1755463239096 0.0 40
1755463240823 0.0 41
1755463242488 0.0 42
1755463244317 0.0 43
1755463245948 0.0 44
1755463248548 0.0 45
1755463250374 0.0 46
1755463168586 0.0 0
