1755463168580 0.0004854686167633443 0
1755463170505 0.0004854686167633443 1
1755463172270 0.0004854686167633443 2
1755463173933 0.0004854686167633443 3
1755463175595 0.0004854686167633443 4
1755463177225 0.0004854686167633443 5
1755463179963 0.0004854686167633443 6
1755463181595 0.0004854686167633443 7
1755463183172 0.00024273430838167215 8
1755463184853 0.00024273430838167215 9
1755463186525 0.00024273430838167215 10
1755463188253 0.00024273430838167215 11
1755463189994 0.00024273430838167215 12
1755463191915 0.00024273430838167215 13
1755463193537 0.00012136715419083608 14
1755463195288 0.00012136715419083608 15
1755463196940 0.00012136715419083608 16
1755463198692 0.00012136715419083608 17
1755463200330 0.00012136715419083608 18
1755463201881 0.00012136715419083608 19
1755463203578 6.068357709541804e-05 20
1755463205455 6.068357709541804e-05 21
1755463207219 6.068357709541804e-05 22
1755463208885 6.068357709541804e-05 23
1755463210538 6.068357709541804e-05 24
1755463212102 6.068357709541804e-05 25
1755463214647 3.034178854770902e-05 26
1755463216383 3.034178854770902e-05 27
1755463218116 3.034178854770902e-05 28
1755463219882 3.034178854770902e-05 29
1755463221776 3.034178854770902e-05 30
1755463223715 3.034178854770902e-05 31
1755463225408 1.517089427385451e-05 32
1755463226960 1.517089427385451e-05 33
1755463228951 1.517089427385451e-05 34
1755463230655 1.517089427385451e-05 35
1755463232276 1.517089427385451e-05 36
1755463233858 1.517089427385451e-05 37
1755463235604 7.585447136927255e-06 38
1755463237420 7.585447136927255e-06 39
1755463239091 7.585447136927255e-06 40
1755463240819 7.585447136927255e-06 41
1755463242483 7.585447136927255e-06 42
1755463244312 7.585447136927255e-06 43
1755463245943 3.7927235684636274e-06 44
1755463248537 3.7927235684636274e-06 45
1755463250370 3.7927235684636274e-06 46
1755463168580 0.0004854686167633443 0
