1755463168567 1.7087250314479194e-05 0
1755463170497 1.6977636412390977e-05 1
1755463172260 1.6888165680434153e-05 2
1755463173925 1.6888590296265635e-05 3
1755463175587 1.697326652072757e-05 4
1755463177216 1.6975305926372423e-05 5
1755463179953 1.6995652588931813e-05 6
1755463181586 1.692307450706529e-05 7
1755463183164 1.6969425420101558e-05 8
1755463184844 1.689980726069586e-05 9
1755463186517 1.6895279481553545e-05 10
1755463188243 1.6899796709355344e-05 11
1755463189985 1.6895047125690164e-05 12
1755463191907 1.6916711225381044e-05 13
1755463193528 1.6898237568998633e-05 14
1755463195280 1.6873824084853924e-05 15
1755463196931 1.6860838559897086e-05 16
1755463198683 1.6866496213923217e-05 17
1755463200321 1.6874333506058116e-05 18
1755463201872 1.68812704405074e-05 19
1755463203569 1.6879176142650384e-05 20
1755463205447 1.6846962461334197e-05 21
1755463207210 1.6882113317727206e-05 22
1755463208877 1.6879584159201912e-05 23
1755463210527 1.683811416367037e-05 24
1755463212092 1.6878365025626618e-05 25
1755463214638 1.6861424456784628e-05 26
1755463216374 1.6838541636196665e-05 27
1755463218107 1.6849315913095618e-05 28
1755463219872 1.6865705562533534e-05 29
1755463221766 1.6824795344964595e-05 30
1755463223706 1.6863405626722472e-05 31
1755463225398 1.6825850791529786e-05 32
1755463226951 1.6871875875084204e-05 33
1755463228942 1.6845421536914318e-05 34
1755463230646 1.684941063676848e-05 35
1755463232266 1.68260248495841e-05 36
1755463233849 1.6844990714883307e-05 37
1755463235595 1.6849233529703294e-05 38
1755463237410 1.685950096363524e-05 39
1755463239081 1.682793563184388e-05 40
1755463240810 1.6859406919078466e-05 41
1755463242473 1.6834149387791252e-05 42
1755463244303 1.686699671446682e-05 43
1755463245934 1.68489214127572e-05 44
1755463248515 1.6834230006283068e-05 45
1755463250360 1.684983787691287e-05 46
1755463168567 1.7087250314479194e-05 0
