1755460669097 0.00015443736184203317 0
1755460670493 0.00015443736184203317 1
1755460671932 0.00015443736184203317 2
1755460673317 0.00015443736184203317 3
1755460674613 0.00015443736184203317 4
1755460675921 0.00015443736184203317 5
1755460677139 0.00015443736184203317 6
1755460678388 0.00015443736184203317 7
1755460679782 7.721868092101658e-05 8
1755460681233 7.721868092101658e-05 9
1755460682558 7.721868092101658e-05 10
1755460683872 7.721868092101658e-05 11
1755460685235 7.721868092101658e-05 12
1755460686581 7.721868092101658e-05 13
1755460687945 3.860934046050829e-05 14
1755460689328 3.860934046050829e-05 15
1755460690622 3.860934046050829e-05 16
1755460692528 3.860934046050829e-05 17
1755460694026 3.860934046050829e-05 18
1755460695337 3.860934046050829e-05 19
1755460696593 1.9304670230254146e-05 20
1755460669097 0.00015443736184203317 0
