1755460669083 1.1310565676354696e-05 0
1755460670484 1.1276256634674264e-05 1
1755460671924 1.1261899419725395e-05 2
1755460673308 1.128826545784121e-05 3
1755460674605 1.1288831421101736e-05 4
1755460675913 1.1270738529102965e-05 5
1755460677130 1.1269369308975323e-05 6
1755460678379 1.1265195871199033e-05 7
1755460679774 1.1291618712490581e-05 8
1755460681224 1.1252748245008669e-05 9
1755460682550 1.123942620807587e-05 10
1755460683863 1.127089300637563e-05 11
1755460685225 1.1245334490898541e-05 12
1755460686571 1.1280246270010227e-05 13
1755460687936 1.1277278311120756e-05 14
1755460689320 1.1176352718313415e-05 15
1755460690614 1.1266988903784762e-05 16
1755460692509 1.124781665888788e-05 17
1755460694017 1.1248954199325341e-05 18
1755460695328 1.1264508389788e-05 19
1755460696585 1.124735985108882e-05 20
1755460669083 1.1310565676354696e-05 0
