1754916980088 0.001 0
1754916988922 0.001 1
1754916997876 0.001 2
1754917006917 0.001 3
1754917015986 0.001 4
1754917024869 0.001 5
1754917034086 0.001 6
1754917042652 0.001 7
1754917051389 0.001 8
1754917060476 0.001 9
1754917069715 0.001 10
1754917078366 0.001 11
1754917086981 0.0005 12
1754917095613 0.0005 13
1754917104165 0.0005 14
1754917112937 0.0005 15
1754917121650 0.0005 16
1754917130480 0.0005 17
1754917139466 0.0005 18
1754917148120 0.0005 19
1754917156812 0.0005 20
1754917166022 0.0005 21
1754917174835 0.00025 22
1754917184272 0.00025 23
1754917193630 0.00025 24
1754917202892 0.00025 25
1754917212290 0.00025 26
1754916980088 0.001 0
