1754916980088 6.71082906757238e-05 0
1754916988922 2.453745805350503e-05 1
1754916997876 2.4609517359301963e-05 2
1754917006917 2.4547291044681903e-05 3
1754917015986 2.4568109372793983e-05 4
1754917024869 2.45504425724564e-05 5
1754917034086 2.4533385456877747e-05 6
1754917042652 2.4534044476436496e-05 7
1754917051389 2.4558647909555306e-05 8
1754917060476 2.456775635546865e-05 9
1754917069715 2.4585145397548774e-05 10
1754917078366 2.4539597952740006e-05 11
1754917086981 2.4581035785738926e-05 12
1754917095613 2.44408819950027e-05 13
1754917104165 2.4450497007234757e-05 14
1754917112937 2.4422417182128928e-05 15
1754917121650 2.4433980400429322e-05 16
1754917130480 2.4441705120081845e-05 17
1754917139466 2.4457650185869953e-05 18
1754917148120 2.4449921333131633e-05 19
1754917156812 2.4431063395381647e-05 20
1754917166022 2.4436529596236885e-05 21
1754917174835 2.4438522707904682e-05 22
1754917184272 2.4380112965210913e-05 23
1754917193630 2.43846367130807e-05 24
1754917202892 2.4385417872339058e-05 25
1754917212290 2.4384992364357944e-05 26
1754916980088 6.71082906757238e-05 0
