1755461000387 1.619371134011141e-05 0
1755461002746 1.619371134011141e-05 1
1755461005192 1.619371134011141e-05 2
1755461007576 1.619371134011141e-05 3
1755461010054 1.619371134011141e-05 4
1755461012452 1.619371134011141e-05 5
1755461014887 1.619371134011141e-05 6
1755461017354 1.619371134011141e-05 7
1755461019804 1.619371134011141e-05 8
1755461022295 8.096855670055705e-06 9
1755461024666 8.096855670055705e-06 10
1755461027065 8.096855670055705e-06 11
1755461029667 8.096855670055705e-06 12
1755461032096 8.096855670055705e-06 13
1755461000387 1.619371134011141e-05 0
