1755461000375 1.4993591053241244e-05 0
1755461002738 1.4994624880558968e-05 1
1755461005184 1.4984860873756086e-05 2
1755461007568 1.4966054474862503e-05 3
1755461010045 1.4976943477670058e-05 4
1755461012444 1.4970445655989241e-05 5
1755461014879 1.4976111485783613e-05 6
1755461017346 1.4985634648805104e-05 7
1755461019795 1.4991741341881577e-05 8
1755461022286 1.4980302592350542e-05 9
1755461024657 1.4954226225048915e-05 10
1755461027056 1.4995219621779865e-05 11
1755461029658 1.4997165378634954e-05 12
1755461032088 1.4926300482859878e-05 13
1755461000375 1.4993591053241244e-05 0
