1755462293470 0.0003093476081664604 0
1755462300313 0.0003093476081664604 1
1755462306845 0.0003093476081664604 2
1755462313305 0.0003093476081664604 3
1755462320353 0.0003093476081664604 4
1755462327687 0.0003093476081664604 5
1755462334653 0.0003093476081664604 6
1755462341885 0.0003093476081664604 7
1755462348977 0.0001546738040832302 8
1755462357202 0.0001546738040832302 9
1755462364303 0.0001546738040832302 10
1755462372379 0.0001546738040832302 11
1755462379649 0.0001546738040832302 12
1755462386931 0.0001546738040832302 13
1755462293470 0.0003093476081664604 0
