1755462293449 1.8231100071988804e-05 0
1755462300295 1.823488955177897e-05 1
1755462306837 1.8221282817500654e-05 2
1755462313297 1.8249431880652718e-05 3
1755462320345 1.8224295292728905e-05 4
1755462327672 1.8229594783534566e-05 5
1755462334645 1.8233902394643493e-05 6
1755462341877 1.8222641147437095e-05 7
1755462348969 1.823792078803989e-05 8
1755462357194 1.8166876118046813e-05 9
1755462364294 1.8155539429256547e-05 10
1755462372355 1.814971049233692e-05 11
1755462379640 1.815618912900038e-05 12
1755462386923 1.8152002911995618e-05 13
1755462293449 1.8231100071988804e-05 0
