1755456748505 1.2134264510023388e-05 0
1755456752043 1.2134264510023388e-05 1
1755456754553 1.2134264510023388e-05 2
1755456756416 1.2134264510023388e-05 3
1755456758069 1.2134264510023388e-05 4
1755456759826 1.2134264510023388e-05 5
1755456762488 1.2134264510023388e-05 6
1755456765132 1.2134264510023388e-05 7
1755456767337 1.2134264510023388e-05 8
1755456769047 1.2134264510023388e-05 9
1755456771276 1.2134264510023388e-05 10
1755456773806 6.067132255011694e-06 11
1755456775719 6.067132255011694e-06 12
1755456777328 6.067132255011694e-06 13
1755456779482 6.067132255011694e-06 14
1755456781723 6.067132255011694e-06 15
1755456783374 6.067132255011694e-06 16
1755456785405 3.033566127505847e-06 17
1755456787992 3.033566127505847e-06 18
1755456748505 1.2134264510023388e-05 0
