1755456748460 1.3225982855443355e-05 0
1755456752025 1.3240001265887564e-05 1
1755456754535 1.322439773238558e-05 2
1755456756408 1.3238730866059155e-05 3
1755456758062 1.322509137033931e-05 4
1755456759819 1.3231207201352737e-05 5
1755456762480 1.3229122857855133e-05 6
1755456765111 1.3237758173495362e-05 7
1755456767330 1.3233159539907876e-05 8
1755456769040 1.3247282532226327e-05 9
1755456771269 1.323699100069137e-05 10
1755456773798 1.3219430114393634e-05 11
1755456775712 1.3162009583081997e-05 12
1755456777320 1.3242010578075562e-05 13
1755456779462 1.3222797238066026e-05 14
1755456781716 1.3189205528039609e-05 15
1755456783366 1.3232789854351113e-05 16
1755456785376 1.3236787800744046e-05 17
1755456787984 1.3225163256480012e-05 18
1755456748460 1.3225982855443355e-05 0
