1755464920266 0.0008969636818426605 0
1755464921907 0.0008969636818426605 1
1755464923435 0.0008969636818426605 2
1755464924938 0.0008969636818426605 3
1755464926508 0.0008969636818426605 4
1755464928132 0.0008969636818426605 5
1755464929748 0.0008969636818426605 6
1755464931339 0.0008969636818426605 7
1755464932958 0.0008969636818426605 8
1755464934560 0.0008969636818426605 9
1755464936195 0.0008969636818426605 10
1755464937680 0.0008969636818426605 11
1755464939253 0.00044848184092133027 12
1755464940879 0.00044848184092133027 13
1755464942461 0.00044848184092133027 14
1755464944059 0.00044848184092133027 15
1755464945616 0.00044848184092133027 16
1755464920266 0.0008969636818426605 0
