1755464920247 0.0005925961179272377 0
1755464921898 1.840619379788517e-05 1
1755464923426 1.8573893037644434e-05 2
1755464924930 1.8397989539204297e-05 3
1755464926499 1.8367499296160327e-05 4
1755464928124 1.8380749948641684e-05 5
1755464929739 1.841690733963845e-05 6
1755464931330 1.838073406130642e-05 7
1755464932950 1.842630302837253e-05 8
1755464934551 1.835592824981702e-05 9
1755464936187 1.839062232468511e-05 10
1755464937672 1.8364587375940508e-05 11
1755464939243 1.8351438663724456e-05 12
1755464940870 1.8197012077251483e-05 13
1755464942453 1.817685918621477e-05 14
1755464944050 1.8195451502833748e-05 15
1755464945606 1.818680883087849e-05 16
1755464920247 0.0005925961179272377 0
