1755467174406 9.271555169008299e-05 0
1755467176111 9.271555169008299e-05 1
1755467177496 9.271555169008299e-05 2
1755467178756 9.271555169008299e-05 3
1755467180025 9.271555169008299e-05 4
1755467181324 9.271555169008299e-05 5
1755467182717 9.271555169008299e-05 6
1755467184061 9.271555169008299e-05 7
1755467185368 9.271555169008299e-05 8
1755467186663 4.6357775845041495e-05 9
1755467187934 4.6357775845041495e-05 10
1755467189311 4.6357775845041495e-05 11
1755467190707 4.6357775845041495e-05 12
1755467192115 4.6357775845041495e-05 13
1755467193393 4.6357775845041495e-05 14
1755467194663 2.3178887922520748e-05 15
1755467195970 2.3178887922520748e-05 16
1755467197314 2.3178887922520748e-05 17
1755467174406 9.271555169008299e-05 0
