1755467174392 3.5034121786454995e-05 0
1755467176102 3.4876922390368325e-05 1
1755467177487 3.501483253368724e-05 2
1755467178747 3.499962380302081e-05 3
1755467180016 3.495635801020062e-05 4
1755467181313 3.4966509349337505e-05 5
1755467182707 3.5011265062755755e-05 6
1755467184052 3.500996540284009e-05 7
1755467185358 3.4976881411219414e-05 8
1755467186654 3.5015659596917676e-05 9
1755467187925 3.4931617326322136e-05 10
1755467189301 3.502349445705573e-05 11
1755467190697 3.50114265281147e-05 12
1755467192105 3.4995919202725166e-05 13
1755467193384 3.4997756806720717e-05 14
1755467194654 3.498225088363579e-05 15
1755467195960 3.5008981245434496e-05 16
1755467197304 3.500168127635887e-05 17
1755467174392 3.5034121786454995e-05 0
