1755466492714 0.00019633872678248823 0
1755466494342 0.00019633872678248823 1
1755466495950 0.00019633872678248823 2
1755466497499 0.00019633872678248823 3
1755466499104 0.00019633872678248823 4
1755466500846 0.00019633872678248823 5
1755466502469 0.00019633872678248823 6
1755466504100 0.00019633872678248823 7
1755466505717 9.816936339124411e-05 8
1755466507252 9.816936339124411e-05 9
1755466508778 9.816936339124411e-05 10
1755466510377 9.816936339124411e-05 11
1755466511977 9.816936339124411e-05 12
1755466513544 9.816936339124411e-05 13
1755466515253 9.816936339124411e-05 14
1755466516841 4.9084681695622056e-05 15
1755466518712 4.9084681695622056e-05 16
1755466520499 4.9084681695622056e-05 17
1755466522413 4.9084681695622056e-05 18
1755466524798 4.9084681695622056e-05 19
1755466526439 4.9084681695622056e-05 20
1755466492714 0.00019633872678248823 0
