1755466492699 2.5295970910943986e-05 0
1755466494333 2.5204029230988477e-05 1
1755466495941 2.5075815841928855e-05 2
1755466497490 2.5135085880340703e-05 3
1755466499095 2.5189712601631615e-05 4
1755466500837 2.5250335227920737e-05 5
1755466502459 2.5189787380041286e-05 6
1755466504090 2.5270312385084922e-05 7
1755466505708 2.5264199879195336e-05 8
1755466507243 2.5195937654431707e-05 9
1755466508768 2.5050394002889413e-05 10
1755466510368 2.5180219858760825e-05 11
1755466511967 2.510725848083494e-05 12
1755466513535 2.5113068928443795e-05 13
1755466515242 2.5148848458168446e-05 14
1755466516831 2.517780989968448e-05 15
1755466518702 2.5224246360165027e-05 16
1755466520490 2.518858790131468e-05 17
1755466522385 2.5118836509487346e-05 18
1755466524789 2.5083646044798608e-05 19
1755466526429 2.5200456193365855e-05 20
1755466492699 2.5295970910943986e-05 0
