1755462856218 1.136154506273074e-05 0
1755462857794 1.1288716157739459e-05 1
1755462859366 1.1318612451856275e-05 2
1755462860811 1.1341133689655228e-05 3
1755462862214 1.1332412665689314e-05 4
1755462863692 1.1352258347145416e-05 5
1755462865321 1.1329126096921932e-05 6
1755462866811 1.1316909098063943e-05 7
1755462868303 1.1294848220526209e-05 8
1755462869906 1.1273876653042629e-05 9
1755462872514 1.1281542569589213e-05 10
1755462874130 1.1277985561968613e-05 11
1755462856218 1.136154506273074e-05 0
