1755462640041 0.00011689141340738722 0
1755462640962 0.00011689141340738722 1
1755462641856 0.00011689141340738722 2
1755462642775 0.00011689141340738722 3
1755462643672 0.00011689141340738722 4
1755462644649 0.00011689141340738722 5
1755462645514 0.00011689141340738722 6
1755462646362 0.00011689141340738722 7
1755462647210 0.00011689141340738722 8
1755462648067 0.00011689141340738722 9
1755462648882 5.844570670369361e-05 10
1755462649739 5.844570670369361e-05 11
1755462650567 5.844570670369361e-05 12
1755462651386 5.844570670369361e-05 13
1755462652231 5.844570670369361e-05 14
1755462640041 0.00011689141340738722 0
