1755462640029 1.1306529950563779e-05 0
1755462640954 1.1274087348959585e-05 1
1755462641847 1.1265646360826933e-05 2
1755462642766 1.1278608044690815e-05 3
1755462643664 1.1269696719019336e-05 4
1755462644641 1.1275265591297107e-05 5
1755462645506 1.1261770448547508e-05 6
1755462646354 1.1280328209043956e-05 7
1755462647201 1.1218662540617902e-05 8
1755462648058 1.1244038473021453e-05 9
1755462648874 1.1279289628471381e-05 10
1755462649731 1.1271341302753035e-05 11
1755462650559 1.126781377121183e-05 12
1755462651377 1.1265586652097331e-05 13
1755462652222 1.1268375842961838e-05 14
1755462640029 1.1306529950563779e-05 0
