1755457326597 0.00023025044392488954 0
1755457329927 0.00023025044392488954 1
1755457333278 0.00023025044392488954 2
1755457336672 0.00023025044392488954 3
1755457340037 0.00023025044392488954 4
1755457343429 0.00023025044392488954 5
1755457346998 0.00023025044392488954 6
1755457350361 0.00011512522196244477 7
1755457354620 0.00011512522196244477 8
1755457357954 0.00011512522196244477 9
1755457361641 0.00011512522196244477 10
1755457364991 0.00011512522196244477 11
1755457326597 0.00023025044392488954 0
