1755457326586 1.0298177157209874e-05 0
1755457329919 1.0231460044021873e-05 1
1755457333271 1.0282643212065696e-05 2
1755457336665 1.0288172757903342e-05 3
1755457340029 1.0291088360254013e-05 4
1755457343422 1.0277761005858073e-05 5
1755457346991 1.029373655535161e-05 6
1755457350352 1.0295190138695074e-05 7
1755457354613 1.024847734992821e-05 8
1755457357946 1.0247314078347603e-05 9
1755457361634 1.0245402268032933e-05 10
1755457364984 1.0246251332282795e-05 11
1755457326586 1.0298177157209874e-05 0
